O WIDGET_105
A WIDGET_105_WIDGET_105
M 1.0000000000000000,-0.0000000000000000,-0.0000000000000036,-0.0000000801193920,0.0000000000000000,1.0000000000000000,-0.0000000437113883,0.0000000546684760,0.0000000000000036,0.0000000437113883,1.0000000000000000,0.0000000062091168,0.0000000000000000,0.0000000000000000,0.0000000000000000,1.0000000000000000
M 1.0000000000000000,-0.0000000000000000,-0.0000000000000036,-0.0000000801193920,0.0000000000000000,1.0000000000000000,-0.0000000437113883,0.0000000546684760,0.0000000000000036,0.0000000437113883,1.0000000000000000,0.0000000062091168,0.0000000000000000,0.0000000000000000,0.0000000000000000,1.0000000000000000
M 0.9999994039535522,-0.0009557885350659,0.0000000000419138,0.0004677071701735,0.0009557885350659,0.9999994039535522,-0.0000000436068639,0.0085780126973987,-0.0000000000002380,0.0000000436068959,1.0000000000000000,0.0000000063207892,0.0000000000000000,0.0000000000000000,0.0000000000000000,1.0000000000000000
M 0.9999929070472717,-0.0037190152797848,0.0000000001647340,0.0018072428647429,0.0037190152797848,0.9999929070472717,-0.0000000433048370,0.0334147661924362,-0.0000000000036984,0.0000000433051355,1.0000000000000000,0.0000000066191914,0.0000000000000000,0.0000000000000000,0.0000000000000000,1.0000000000000000
M 0.9999670982360840,-0.0081342235207558,0.0000000003659889,0.0039035791996866,0.0081342235207558,0.9999670982360840,-0.0000000428223359,0.0732136443257332,-0.0000000000176393,0.0000000428238920,1.0000000000000000,0.0000000070213257,0.0000000000000000,0.0000000000000000,0.0000000000000000,1.0000000000000000
M 0.9999012351036072,-0.0140457348898053,0.0000000006449133,0.0066157779656351,0.0140457348898053,0.9999012351036072,-0.0000000421764916,0.1267220675945282,-0.0000000000524559,0.0000000421814050,1.0000000000000000,0.0000000074164044,0.0000000000000000,0.0000000000000000,0.0000000000000000,1.0000000000000000
M 0.9997730255126953,-0.0212978869676590,0.0000000010018190,0.0098067298531532,0.0212978869676590,0.9997730255126953,-0.0000000413848262,0.1927079409360886,-0.0000000001201849,0.0000000413967811,1.0000000000000000,0.0000000076783433,0.0000000000000000,0.0000000000000000,0.0000000000000000,1.0000000000000000
M 0.9995576143264771,-0.0297335162758827,0.0000000014370624,0.0133224371820688,0.0297335162758827,0.9995576143264771,-0.0000000404654656,0.2699331045150757,-0.0000000002332537,0.0000000404903169,1.0000000000000000,0.0000000039509462,0.0000000000000000,0.0000000000000000,0.0000000000000000,1.0000000000000000
M 0.9992313385009766,-0.0391964614391327,0.0000000019505852,0.0170281175523996,0.0391964614391327,0.9992313385009766,-0.0000000394372996,0.3571577072143555,-0.0000000004032973,0.0000000394834601,1.0000000000000000,0.0000000035596623,0.0000000000000000,0.0000000000000000,0.0000000000000000,1.0000000000000000
M 0.9987726807594299,-0.0495294407010078,0.0000000025411333,0.0207877513021231,0.0495294407010078,0.9987726807594299,-0.0000000383201098,0.4531074464321136,-0.0000000006400395,0.0000000383989303,1.0000000000000000,0.0000000063946786,0.0000000000000000,0.0000000000000000,0.0000000000000000,1.0000000000000000
M 0.9981635212898254,-0.0605746433138847,0.0000000032057659,0.0244704801589251,0.0605746433138847,0.9981635212898254,-0.0000000371343383,0.5564664006233215,-0.0000000009504864,0.0000000372603317,1.0000000000000000,0.0000000011930839,0.0000000000000000,0.0000000000000000,0.0000000000000000,1.0000000000000000
M 0.9973917007446289,-0.0721745267510414,0.0000000039395402,0.0279648024588823,0.0721745267510414,0.9973917007446289,-0.0000000359009142,0.6658747792243958,-0.0000000013381515,0.0000000360916417,1.0000000000000000,0.0000000027992328,0.0000000000000000,0.0000000000000000,0.0000000000000000,1.0000000000000000
M 0.9964509606361389,-0.0841712877154350,0.0000000047351634,0.0311713460832834,0.0841712877154350,0.9964509606361389,-0.0000000346409301,0.7799173593521118,-0.0000000018025978,0.0000000349165674,1.0000000000000000,0.0000000000152367,0.0000000000000000,0.0000000000000000,0.0000000000000000,1.0000000000000000
M 0.9953417778015137,-0.0964072346687317,0.0000000055828830,0.0340013317763805,0.0964072346687317,0.9953417778015137,-0.0000000333751267,0.8971235752105713,-0.0000000023392850,0.0000000337579102,1.0000000000000000,0.0000000003065237,0.0000000000000000,0.0000000000000000,0.0000000000000000,1.0000000000000000
M 0.9940717220306396,-0.1087249517440796,0.0000000064705712,0.0363786853849888,0.1087249517440796,0.9940717220306396,-0.0000000321235483,1.0159687995910645,-0.0000000029395872,0.0000000326366347,1.0000000000000000,-0.0000000111753558,0.0000000000000000,0.0000000000000000,0.0000000000000000,1.0000000000000000
M 0.9926564693450928,-0.1209673285484314,0.0000000073838464,0.0382381565868855,0.1209673285484314,0.9926564693450928,-0.0000000309050670,1.1348768472671509,-0.0000000035911230,0.0000000315713145,1.0000000000000000,-0.0000000119905970,0.0000000000000000,0.0000000000000000,0.0000000000000000,1.0000000000000000
M 0.9911187887191772,-0.1329797059297562,0.0000000083064444,0.0395467318594456,0.1329797059297562,0.9911187887191772,-0.0000000297369205,1.2522457838058472,-0.0000000042782604,0.0000000305774108,1.0000000000000000,-0.0000000169204419,0.0000000000000000,0.0000000000000000,0.0000000000000000,1.0000000000000000
M 0.9894892573356628,-0.1446068733930588,0.0000000092205390,0.0402726866304874,0.1446068733930588,0.9894892573356628,-0.0000000286346733,1.3664284944534302,-0.0000000049828488,0.0000000296670528,1.0000000000000000,-0.0000000183686364,0.0000000000000000,0.0000000000000000,0.0000000000000000,1.0000000000000000
M 0.9878050684928894,-0.1556948125362396,0.0000000101071942,0.0404199548065662,0.1556948125362396,0.9878050684928894,-0.0000000276119607,1.4757579565048218,-0.0000000056849045,0.0000000288488895,1.0000000000000000,-0.0000000347962335,0.0000000000000000,0.0000000000000000,0.0000000000000000,1.0000000000000000
M 0.9861101508140564,-0.1660923063755035,0.0000000109469500,0.0400212593376637,0.1660923063755035,0.9861101508140564,-0.0000000266804836,1.5785710811614990,-0.0000000063634835,0.0000000281281061,1.0000000000000000,-0.0000000362233479,0.0000000000000000,0.0000000000000000,0.0000000000000000,1.0000000000000000
M 0.9844530224800110,-0.1756485104560852,0.0000000117201182,0.0391211695969105,0.1756485104560852,0.9844530224800110,-0.0000000258503210,1.6731983423233032,-0.0000000069973196,0.0000000275070420,1.0000000000000000,-0.0000000373675881,0.0000000000000000,0.0000000000000000,0.0000000000000000,1.0000000000000000
M 0.9828860759735107,-0.1842135787010193,0.0000000124071438,0.0378025323152542,0.1842135787010193,0.9828860759735107,-0.0000000251302570,1.7579771280288696,-0.0000000075654869,0.0000000269857505,1.0000000000000000,-0.0000000417711519,0.0000000000000000,0.0000000000000000,0.0000000000000000,1.0000000000000000
M 0.9814656972885132,-0.1916381120681763,0.0000000129891209,0.0361706167459488,0.1916381120681763,0.9814656972885132,-0.0000000245283669,1.8312544822692871,-0.0000000080477927,0.0000000265629545,1.0000000000000000,-0.0000000418054498,0.0000000000000000,0.0000000000000000,0.0000000000000000,1.0000000000000000
M 0.9802470207214355,-0.1977759152650833,0.0000000134478633,0.0343418270349503,0.1977759152650833,0.9802470207214355,-0.0000000240524205,1.8914214372634888,-0.0000000084252578,0.0000000262370001,1.0000000000000000,-0.0000000410278815,0.0000000000000000,0.0000000000000000,0.0000000000000000,1.0000000000000000
M 0.9792867898941040,-0.2024775594472885,0.0000000162129261,0.0324643105268478,0.2024775594472885,0.9792867898941040,-0.0000000186262170,1.9368544816970825,-0.0000000121057102,0.0000000215231708,1.0000000000000000,-0.0000000680970871,0.0000000000000000,0.0000000000000000,0.0000000000000000,1.0000000000000000
M 0.9791035056114197,-0.2033608108758926,0.0000000063655019,0.0323152132332325,0.2033608108758926,0.9791035056114197,-0.0000000221613838,1.9459131956100464,-0.0000000017257464,0.0000000229928130,1.0000000000000000,0.0000000136737768,0.0000000000000000,0.0000000000000000,0.0000000000000000,1.0000000000000000
M 0.9801031351089478,-0.1984880566596985,0.0000000061972711,0.0357315875589848,0.1984880566596985,0.9801031351089478,-0.0000000224206556,1.9024769067764282,-0.0000000016237480,0.0000000232046560,1.0000000000000000,0.0000000143355319,0.0000000000000000,0.0000000000000000,0.0000000000000000,1.0000000000000000
M 0.9811866283416748,-0.1930605024099350,0.0000000060103176,0.0392398871481419,0.1930605024099350,0.9811866283416748,-0.0000000227122694,1.8543332815170288,-0.0000000015124095,0.0000000234453452,1.0000000000000000,0.0000000150475792,0.0000000000000000,0.0000000000000000,0.0000000000000000,1.0000000000000000
M 0.9822486042976379,-0.1875827610492706,0.0000000058216072,0.0424713380634785,0.1875827610492706,0.9822486042976379,-0.0000000230084609,1.8055045604705811,-0.0000000014022754,0.0000000236920741,1.0000000000000000,0.0000000157425060,0.0000000000000000,0.0000000000000000,0.0000000000000000,1.0000000000000000
M 0.9831947088241577,-0.1825598478317261,0.0000000056485892,0.0451681800186634,0.1825598478317261,0.9831947088241577,-0.0000000232819257,1.7602052688598633,-0.0000000013033180,0.0000000239218814,1.0000000000000000,0.0000000163580918,0.0000000000000000,0.0000000000000000,0.0000000000000000,1.0000000000000000
M 0.9839414358139038,-0.1784907430410385,0.0000000055089995,0.0471433140337467,0.1784907430410385,0.9839414358139038,-0.0000000235061055,1.7232093811035156,-0.0000000012249096,0.0000000241119480,1.0000000000000000,0.0000000168371042,0.0000000000000000,0.0000000000000000,0.0000000000000000,1.0000000000000000
M 0.9844124317169189,-0.1758745163679123,0.0000000056577010,0.0482870377600193,0.1758745163679123,0.9844124317169189,-0.0000000236265869,1.6993983983993530,-0.0000000014142053,0.0000000242533602,1.0000000000000000,0.0000000150268189,0.0000000000000000,0.0000000000000000,0.0000000000000000,1.0000000000000000
M 0.9846988320350647,-0.1742629855871201,0.0000000056049512,0.0489208735525608,0.1742629855871201,0.9846988320350647,-0.0000000237225208,1.6848427057266235,-0.0000000013852471,0.0000000243363001,1.0000000000000000,0.0000000151898689,0.0000000000000000,0.0000000000000000,0.0000000000000000,1.0000000000000000
M 0.9849258661270142,-0.1729747205972672,0.0000000055628222,0.0494080074131489,0.1729747205972672,0.9849258661270142,-0.0000000237994424,1.6732386350631714,-0.0000000013622931,0.0000000244029525,1.0000000000000000,0.0000000153181343,0.0000000000000000,0.0000000000000000,0.0000000000000000,1.0000000000000000
M 0.9850687980651855,-0.1721591204404831,0.0000000055362914,0.0497051514685154,0.1721591204404831,0.9850687980651855,-0.0000000238486013,1.6659098863601685,-0.0000000013478832,0.0000000244456686,1.0000000000000000,0.0000000153976618,0.0000000000000000,0.0000000000000000,0.0000000000000000,1.0000000000000000
M 0.9851027131080627,-0.1719658374786377,0.0000000056353260,0.0497654862701893,0.1719658374786377,0.9851027131080627,-0.0000000237500934,1.6641820669174194,-0.0000000014671763,0.0000000243653790,1.0000000000000000,0.0000000144413175,0.0000000000000000,0.0000000000000000,0.0000000000000000,1.0000000000000000
M 0.9850387573242188,-0.1723316609859467,0.0000000056479701,0.0496174581348896,0.1723316609859467,0.9850387573242188,-0.0000000237299158,1.6676291227340698,-0.0000000014740650,0.0000000243482230,1.0000000000000000,0.0000000143997774,0.0000000000000000,0.0000000000000000,0.0000000000000000,1.0000000000000000
M 0.9849138259887695,-0.1730452030897141,0.0000000056721614,0.0493398047983646,0.1730452030897141,0.9849138259887695,-0.0000000236893651,1.6744430065155029,-0.0000000014872527,0.0000000243135272,1.0000000000000000,0.0000000143221452,0.0000000000000000,0.0000000000000000,0.0000000000000000,1.0000000000000000
M 0.9847392439842224,-0.1740343570709229,0.0000000057053837,0.0489484407007694,0.1740343570709229,0.9847392439842224,-0.0000000236325128,1.6838833093643188,-0.0000000015054710,0.0000000242648213,1.0000000000000000,0.0000000142158001,0.0000000000000000,0.0000000000000000,0.0000000000000000,1.0000000000000000
M 0.9845280051231384,-0.1752264201641083,0.0000000057452230,0.0484690554440022,0.1752264201641083,0.9845280051231384,-0.0000000235635209,1.6952003240585327,-0.0000000015273948,0.0000000242056721,1.0000000000000000,0.0000000103630828,0.0000000000000000,0.0000000000000000,0.0000000000000000,1.0000000000000000
M 0.9842914342880249,-0.1765493452548981,0.0000000057891585,0.0479223914444447,0.1765493452548981,0.9842914342880249,-0.0000000234864501,1.7076530456542969,-0.0000000015517273,0.0000000241396059,1.0000000000000000,0.0000000102221556,0.0000000000000000,0.0000000000000000,0.0000000000000000,1.0000000000000000
M 0.9840427637100220,-0.1779308170080185,0.0000000058347798,0.0473384000360966,0.1779308170080185,0.9840427637100220,-0.0000000234054660,1.7204992771148682,-0.0000000015771292,0.0000000240701823,1.0000000000000000,0.0000000100755084,0.0000000000000000,0.0000000000000000,0.0000000000000000,1.0000000000000000
M 0.9837915897369385,-0.1793149262666702,0.0000000058802279,0.0467372573912144,0.1793149262666702,0.9837915897369385,-0.0000000233238389,1.7332588434219360,-0.0000000016026128,0.0000000240002276,1.0000000000000000,0.0000000099286996,0.0000000000000000,0.0000000000000000,0.0000000000000000,1.0000000000000000
M 0.9835361242294312,-0.1807103306055069,0.0000000059259708,0.0461112149059772,0.1807103306055069,0.9835361242294312,-0.0000000232415420,1.7460925579071045,-0.0000000016284339,0.0000000239298004,1.0000000000000000,0.0000000097795052,0.0000000000000000,0.0000000000000000,0.0000000000000000,1.0000000000000000
M 0.9832719564437866,-0.1821419596672058,0.0000000059730700,0.0454416610300541,0.1821419596672058,0.9832719564437866,-0.0000000231577015,1.7592222690582275,-0.0000000016551789,0.0000000238582842,1.0000000000000000,0.0000000096233386,0.0000000000000000,0.0000000000000000,0.0000000000000000,1.0000000000000000
M 0.9829943180084229,-0.1836345046758652,0.0000000060225736,0.0447154231369495,0.1836345046758652,0.9829943180084229,-0.0000000230714470,1.7728668451309204,-0.0000000016834585,0.0000000237850735,1.0000000000000000,0.0000000094556629,0.0000000000000000,0.0000000000000000,0.0000000000000000,1.0000000000000000
M 0.9826981425285339,-0.1852131187915802,0.0000000060755285,0.0439084060490131,0.1852131187915802,0.9826981425285339,-0.0000000229818671,1.7872501611709595,-0.0000000017138804,0.0000000237095286,1.0000000000000000,0.0000000092717389,0.0000000000000000,0.0000000000000000,0.0000000000000000,1.0000000000000000
M 0.9823783040046692,-0.1869022250175476,0.0000000061329519,0.0429985560476780,0.1869022250175476,0.9823783040046692,-0.0000000228880950,1.8025900125503540,-0.0000000017470485,0.0000000236310473,1.0000000000000000,0.0000000090669996,0.0000000000000000,0.0000000000000000,0.0000000000000000,1.0000000000000000
M 0.9820293784141541,-0.1887264996767044,0.0000000061958501,0.0419669933617115,0.1887264996767044,0.9820293784141541,-0.0000000227892230,1.8191058635711670,-0.0000000017835917,0.0000000235490276,1.0000000000000000,0.0000000088365830,0.0000000000000000,0.0000000000000000,0.0000000000000000,1.0000000000000000
M 0.9816459417343140,-0.1907112747430801,0.0000000061603442,0.0407850332558155,0.1907112747430801,0.9816459417343140,-0.0000000227954295,1.8370236158370972,-0.0000000016999360,0.0000000235519106,1.0000000000000000,0.0000000095654151,0.0000000000000000,0.0000000000000000,0.0000000000000000,1.0000000000000000
M 0.9810298681259155,-0.1938553154468536,0.0000000062708452,0.0388180650770664,0.1938553154468536,0.9810298681259155,-0.0000000226310704,1.8645554780960083,-0.0000000017647375,0.0000000234174173,1.0000000000000000,0.0000000091449053,0.0000000000000000,0.0000000000000000,0.0000000000000000,1.0000000000000000
M 0.9801865816116333,-0.1980751603841782,0.0000000064184373,0.0360343493521214,0.1980751603841782,0.9801865816116333,-0.0000000224097523,1.9008218050003052,-0.0000000018524540,0.0000000232370994,1.0000000000000000,0.0000000122990826,0.0000000000000000,0.0000000000000000,0.0000000000000000,1.0000000000000000
M 0.9794317483901978,-0.2017743289470673,0.0000000065471397,0.0334598459303379,0.2017743289470673,0.9794317483901978,-0.0000000222150618,1.9324082136154175,-0.0000000019300594,0.0000000230792114,1.0000000000000000,0.0000000117920145,0.0000000000000000,0.0000000000000000,0.0000000000000000,1.0000000000000000
M 0.9791035056114197,-0.2033608108758926,0.0000000063655019,0.0323152132332325,0.2033608108758926,0.9791035056114197,-0.0000000221613838,1.9459131956100464,-0.0000000017257464,0.0000000229928130,1.0000000000000000,0.0000000136737768,0.0000000000000000,0.0000000000000000,0.0000000000000000,1.0000000000000000
M 0.9791035056114197,-0.2033608108758926,0.0000000063655019,0.0323152132332325,0.2033608108758926,0.9791035056114197,-0.0000000221613838,1.9459131956100464,-0.0000000017257464,0.0000000229928130,1.0000000000000000,0.0000000136737768,0.0000000000000000,0.0000000000000000,0.0000000000000000,1.0000000000000000
M 0.9791035056114197,-0.2033608108758926,0.0000000063655019,0.0323152132332325,0.2033608108758926,0.9791035056114197,-0.0000000221613838,1.9459131956100464,-0.0000000017257464,0.0000000229928130,1.0000000000000000,0.0000000136737768,0.0000000000000000,0.0000000000000000,0.0000000000000000,1.0000000000000000
M 0.9791035056114197,-0.2033608108758926,0.0000000063655019,0.0323152132332325,0.2033608108758926,0.9791035056114197,-0.0000000221613838,1.9459131956100464,-0.0000000017257464,0.0000000229928130,1.0000000000000000,0.0000000136737768,0.0000000000000000,0.0000000000000000,0.0000000000000000,1.0000000000000000
M 0.9791035056114197,-0.2033608108758926,0.0000000063655019,0.0323152132332325,0.2033608108758926,0.9791035056114197,-0.0000000221613838,1.9459131956100464,-0.0000000017257464,0.0000000229928130,1.0000000000000000,0.0000000136737768,0.0000000000000000,0.0000000000000000,0.0000000000000000,1.0000000000000000
M 0.9791035056114197,-0.2033608108758926,0.0000000063655019,0.0323152132332325,0.2033608108758926,0.9791035056114197,-0.0000000221613838,1.9459131956100464,-0.0000000017257464,0.0000000229928130,1.0000000000000000,0.0000000136737768,0.0000000000000000,0.0000000000000000,0.0000000000000000,1.0000000000000000
M 0.9791035056114197,-0.2033608108758926,0.0000000063655019,0.0323152132332325,0.2033608108758926,0.9791035056114197,-0.0000000221613838,1.9459131956100464,-0.0000000017257464,0.0000000229928130,1.0000000000000000,0.0000000136737768,0.0000000000000000,0.0000000000000000,0.0000000000000000,1.0000000000000000
M 0.9791035056114197,-0.2033608108758926,0.0000000063655019,0.0323152132332325,0.2033608108758926,0.9791035056114197,-0.0000000221613838,1.9459131956100464,-0.0000000017257464,0.0000000229928130,1.0000000000000000,0.0000000136737768,0.0000000000000000,0.0000000000000000,0.0000000000000000,1.0000000000000000
M 0.9791035056114197,-0.2033608108758926,0.0000000063655019,0.0323152132332325,0.2033608108758926,0.9791035056114197,-0.0000000221613838,1.9459131956100464,-0.0000000017257464,0.0000000229928130,1.0000000000000000,0.0000000136737768,0.0000000000000000,0.0000000000000000,0.0000000000000000,1.0000000000000000
M 0.9791035056114197,-0.2033608108758926,0.0000000063655019,0.0323152132332325,0.2033608108758926,0.9791035056114197,-0.0000000221613838,1.9459131956100464,-0.0000000017257464,0.0000000229928130,1.0000000000000000,0.0000000136737768,0.0000000000000000,0.0000000000000000,0.0000000000000000,1.0000000000000000
M 0.9791035056114197,-0.2033608108758926,0.0000000063655019,0.0323152132332325,0.2033608108758926,0.9791035056114197,-0.0000000221613838,1.9459131956100464,-0.0000000017257464,0.0000000229928130,1.0000000000000000,0.0000000136737768,0.0000000000000000,0.0000000000000000,0.0000000000000000,1.0000000000000000
M 0.9791035056114197,-0.2033608108758926,0.0000000063655019,0.0323152132332325,0.2033608108758926,0.9791035056114197,-0.0000000221613838,1.9459131956100464,-0.0000000017257464,0.0000000229928130,1.0000000000000000,0.0000000136737768,0.0000000000000000,0.0000000000000000,0.0000000000000000,1.0000000000000000
M 0.9791035056114197,-0.2033608108758926,0.0000000063655019,0.0323152132332325,0.2033608108758926,0.9791035056114197,-0.0000000221613838,1.9459131956100464,-0.0000000017257464,0.0000000229928130,1.0000000000000000,0.0000000136737768,0.0000000000000000,0.0000000000000000,0.0000000000000000,1.0000000000000000
M 0.9791035056114197,-0.2033608108758926,0.0000000063655019,0.0323152132332325,0.2033608108758926,0.9791035056114197,-0.0000000221613838,1.9459131956100464,-0.0000000017257464,0.0000000229928130,1.0000000000000000,0.0000000136737768,0.0000000000000000,0.0000000000000000,0.0000000000000000,1.0000000000000000
M 0.9791035056114197,-0.2033608108758926,0.0000000063655019,0.0323152132332325,0.2033608108758926,0.9791035056114197,-0.0000000221613838,1.9459131956100464,-0.0000000017257464,0.0000000229928130,1.0000000000000000,0.0000000136737768,0.0000000000000000,0.0000000000000000,0.0000000000000000,1.0000000000000000
M 0.9791035056114197,-0.2033608108758926,0.0000000063655019,0.0323152132332325,0.2033608108758926,0.9791035056114197,-0.0000000221613838,1.9459131956100464,-0.0000000017257464,0.0000000229928130,1.0000000000000000,0.0000000136737768,0.0000000000000000,0.0000000000000000,0.0000000000000000,1.0000000000000000
M 0.9791035056114197,-0.2033608108758926,0.0000000063655019,0.0323152132332325,0.2033608108758926,0.9791035056114197,-0.0000000221613838,1.9459131956100464,-0.0000000017257464,0.0000000229928130,1.0000000000000000,0.0000000136737768,0.0000000000000000,0.0000000000000000,0.0000000000000000,1.0000000000000000
M 0.9791035056114197,-0.2033608108758926,0.0000000063655019,0.0323152132332325,0.2033608108758926,0.9791035056114197,-0.0000000221613838,1.9459131956100464,-0.0000000017257464,0.0000000229928130,1.0000000000000000,0.0000000136737768,0.0000000000000000,0.0000000000000000,0.0000000000000000,1.0000000000000000
M 0.9791035056114197,-0.2033608108758926,0.0000000063655019,0.0323152132332325,0.2033608108758926,0.9791035056114197,-0.0000000221613838,1.9459131956100464,-0.0000000017257464,0.0000000229928130,1.0000000000000000,0.0000000136737768,0.0000000000000000,0.0000000000000000,0.0000000000000000,1.0000000000000000
M 0.9791035056114197,-0.2033608108758926,0.0000000063655019,0.0323152132332325,0.2033608108758926,0.9791035056114197,-0.0000000221613838,1.9459131956100464,-0.0000000017257464,0.0000000229928130,1.0000000000000000,0.0000000136737768,0.0000000000000000,0.0000000000000000,0.0000000000000000,1.0000000000000000
M 0.9791035056114197,-0.2033608108758926,0.0000000063655019,0.0323152132332325,0.2033608108758926,0.9791035056114197,-0.0000000221613838,1.9459131956100464,-0.0000000017257464,0.0000000229928130,1.0000000000000000,0.0000000136737768,0.0000000000000000,0.0000000000000000,0.0000000000000000,1.0000000000000000
M 0.9791035056114197,-0.2033608108758926,0.0000000063655019,0.0323152132332325,0.2033608108758926,0.9791035056114197,-0.0000000221613838,1.9459131956100464,-0.0000000017257464,0.0000000229928130,1.0000000000000000,0.0000000136737768,0.0000000000000000,0.0000000000000000,0.0000000000000000,1.0000000000000000
M 0.9791035056114197,-0.2033608108758926,0.0000000063655019,0.0323152132332325,0.2033608108758926,0.9791035056114197,-0.0000000221613838,1.9459131956100464,-0.0000000017257464,0.0000000229928130,1.0000000000000000,0.0000000136737768,0.0000000000000000,0.0000000000000000,0.0000000000000000,1.0000000000000000
M 0.9791035056114197,-0.2033608108758926,0.0000000063655019,0.0323152132332325,0.2033608108758926,0.9791035056114197,-0.0000000221613838,1.9459131956100464,-0.0000000017257464,0.0000000229928130,1.0000000000000000,0.0000000136737768,0.0000000000000000,0.0000000000000000,0.0000000000000000,1.0000000000000000
M 0.9791035056114197,-0.2033608108758926,0.0000000063655019,0.0323152132332325,0.2033608108758926,0.9791035056114197,-0.0000000221613838,1.9459131956100464,-0.0000000017257464,0.0000000229928130,1.0000000000000000,0.0000000136737768,0.0000000000000000,0.0000000000000000,0.0000000000000000,1.0000000000000000
M 0.9791035056114197,-0.2033608108758926,0.0000000063655019,0.0323152132332325,0.2033608108758926,0.9791035056114197,-0.0000000221613838,1.9459131956100464,-0.0000000017257464,0.0000000229928130,1.0000000000000000,0.0000000136737768,0.0000000000000000,0.0000000000000000,0.0000000000000000,1.0000000000000000
M 0.9791035056114197,-0.2033608108758926,0.0000000063655019,0.0323152132332325,0.2033608108758926,0.9791035056114197,-0.0000000221613838,1.9459131956100464,-0.0000000017257464,0.0000000229928130,1.0000000000000000,0.0000000136737768,0.0000000000000000,0.0000000000000000,0.0000000000000000,1.0000000000000000
M 0.9791035056114197,-0.2033608108758926,0.0000000063655019,0.0323152132332325,0.2033608108758926,0.9791035056114197,-0.0000000221613838,1.9459131956100464,-0.0000000017257464,0.0000000229928130,1.0000000000000000,0.0000000136737768,0.0000000000000000,0.0000000000000000,0.0000000000000000,1.0000000000000000
M 0.9791035056114197,-0.2033608108758926,0.0000000063655019,0.0323152132332325,0.2033608108758926,0.9791035056114197,-0.0000000221613838,1.9459131956100464,-0.0000000017257464,0.0000000229928130,1.0000000000000000,0.0000000136737768,0.0000000000000000,0.0000000000000000,0.0000000000000000,1.0000000000000000
M 0.9791035056114197,-0.2033608108758926,0.0000000063655019,0.0323152132332325,0.2033608108758926,0.9791035056114197,-0.0000000221613838,1.9459131956100464,-0.0000000017257464,0.0000000229928130,1.0000000000000000,0.0000000136737768,0.0000000000000000,0.0000000000000000,0.0000000000000000,1.0000000000000000
M 0.9791035056114197,-0.2033608108758926,0.0000000063655019,0.0323152132332325,0.2033608108758926,0.9791035056114197,-0.0000000221613838,1.9459131956100464,-0.0000000017257464,0.0000000229928130,1.0000000000000000,0.0000000136737768,0.0000000000000000,0.0000000000000000,0.0000000000000000,1.0000000000000000
M 0.9791035056114197,-0.2033608108758926,0.0000000063655019,0.0323152132332325,0.2033608108758926,0.9791035056114197,-0.0000000221613838,1.9459131956100464,-0.0000000017257464,0.0000000229928130,1.0000000000000000,0.0000000136737768,0.0000000000000000,0.0000000000000000,0.0000000000000000,1.0000000000000000
M 0.9791035056114197,-0.2033608108758926,0.0000000063655019,0.0323152132332325,0.2033608108758926,0.9791035056114197,-0.0000000221613838,1.9459131956100464,-0.0000000017257464,0.0000000229928130,1.0000000000000000,0.0000000136737768,0.0000000000000000,0.0000000000000000,0.0000000000000000,1.0000000000000000
M 0.9791035056114197,-0.2033608108758926,0.0000000063655019,0.0323152132332325,0.2033608108758926,0.9791035056114197,-0.0000000221613838,1.9459131956100464,-0.0000000017257464,0.0000000229928130,1.0000000000000000,0.0000000136737768,0.0000000000000000,0.0000000000000000,0.0000000000000000,1.0000000000000000
M 0.9791035056114197,-0.2033608108758926,0.0000000063655019,0.0323152132332325,0.2033608108758926,0.9791035056114197,-0.0000000221613838,1.9459131956100464,-0.0000000017257464,0.0000000229928130,1.0000000000000000,0.0000000136737768,0.0000000000000000,0.0000000000000000,0.0000000000000000,1.0000000000000000
M 0.9791035056114197,-0.2033608108758926,0.0000000063655019,0.0323152132332325,0.2033608108758926,0.9791035056114197,-0.0000000221613838,1.9459131956100464,-0.0000000017257464,0.0000000229928130,1.0000000000000000,0.0000000136737768,0.0000000000000000,0.0000000000000000,0.0000000000000000,1.0000000000000000
M 0.9791035056114197,-0.2033608108758926,0.0000000063655019,0.0323152132332325,0.2033608108758926,0.9791035056114197,-0.0000000221613838,1.9459131956100464,-0.0000000017257464,0.0000000229928130,1.0000000000000000,0.0000000136737768,0.0000000000000000,0.0000000000000000,0.0000000000000000,1.0000000000000000
M 0.9791035056114197,-0.2033608108758926,0.0000000063655019,0.0323152132332325,0.2033608108758926,0.9791035056114197,-0.0000000221613838,1.9459131956100464,-0.0000000017257464,0.0000000229928130,1.0000000000000000,0.0000000136737768,0.0000000000000000,0.0000000000000000,0.0000000000000000,1.0000000000000000
M 0.9791035056114197,-0.2033608108758926,0.0000000063655019,0.0323152132332325,0.2033608108758926,0.9791035056114197,-0.0000000221613838,1.9459131956100464,-0.0000000017257464,0.0000000229928130,1.0000000000000000,0.0000000136737768,0.0000000000000000,0.0000000000000000,0.0000000000000000,1.0000000000000000
M 0.9791035056114197,-0.2033608108758926,0.0000000063655019,0.0323152132332325,0.2033608108758926,0.9791035056114197,-0.0000000221613838,1.9459131956100464,-0.0000000017257464,0.0000000229928130,1.0000000000000000,0.0000000136737768,0.0000000000000000,0.0000000000000000,0.0000000000000000,1.0000000000000000
M 0.9791035056114197,-0.2033608108758926,0.0000000063655019,0.0323152132332325,0.2033608108758926,0.9791035056114197,-0.0000000221613838,1.9459131956100464,-0.0000000017257464,0.0000000229928130,1.0000000000000000,0.0000000136737768,0.0000000000000000,0.0000000000000000,0.0000000000000000,1.0000000000000000
M 0.9791035056114197,-0.2033608108758926,0.0000000063655019,0.0323152132332325,0.2033608108758926,0.9791035056114197,-0.0000000221613838,1.9459131956100464,-0.0000000017257464,0.0000000229928130,1.0000000000000000,0.0000000136737768,0.0000000000000000,0.0000000000000000,0.0000000000000000,1.0000000000000000
M 0.9791035056114197,-0.2033608108758926,0.0000000063655019,0.0323152132332325,0.2033608108758926,0.9791035056114197,-0.0000000221613838,1.9459131956100464,-0.0000000017257464,0.0000000229928130,1.0000000000000000,0.0000000136737768,0.0000000000000000,0.0000000000000000,0.0000000000000000,1.0000000000000000
M 0.9791035056114197,-0.2033608108758926,0.0000000063655019,0.0323152132332325,0.2033608108758926,0.9791035056114197,-0.0000000221613838,1.9459131956100464,-0.0000000017257464,0.0000000229928130,1.0000000000000000,0.0000000136737768,0.0000000000000000,0.0000000000000000,0.0000000000000000,1.0000000000000000
M 0.9791035056114197,-0.2033608108758926,0.0000000063655019,0.0323152132332325,0.2033608108758926,0.9791035056114197,-0.0000000221613838,1.9459131956100464,-0.0000000017257464,0.0000000229928130,1.0000000000000000,0.0000000136737768,0.0000000000000000,0.0000000000000000,0.0000000000000000,1.0000000000000000
M 0.9791035056114197,-0.2033608108758926,0.0000000063655019,0.0323152132332325,0.2033608108758926,0.9791035056114197,-0.0000000221613838,1.9459131956100464,-0.0000000017257464,0.0000000229928130,1.0000000000000000,0.0000000136737768,0.0000000000000000,0.0000000000000000,0.0000000000000000,1.0000000000000000
M 0.9791035056114197,-0.2033608108758926,0.0000000063655019,0.0323152132332325,0.2033608108758926,0.9791035056114197,-0.0000000221613838,1.9459131956100464,-0.0000000017257464,0.0000000229928130,1.0000000000000000,0.0000000136737768,0.0000000000000000,0.0000000000000000,0.0000000000000000,1.0000000000000000
M 0.9791035056114197,-0.2033608108758926,0.0000000063655019,0.0323152132332325,0.2033608108758926,0.9791035056114197,-0.0000000221613838,1.9459131956100464,-0.0000000017257464,0.0000000229928130,1.0000000000000000,0.0000000136737768,0.0000000000000000,0.0000000000000000,0.0000000000000000,1.0000000000000000
M 0.9791035056114197,-0.2033608108758926,0.0000000063655019,0.0323152132332325,0.2033608108758926,0.9791035056114197,-0.0000000221613838,1.9459131956100464,-0.0000000017257464,0.0000000229928130,1.0000000000000000,0.0000000136737768,0.0000000000000000,0.0000000000000000,0.0000000000000000,1.0000000000000000
M 0.9791035056114197,-0.2033608108758926,0.0000000063655019,0.0323152132332325,0.2033608108758926,0.9791035056114197,-0.0000000221613838,1.9459131956100464,-0.0000000017257464,0.0000000229928130,1.0000000000000000,0.0000000136737768,0.0000000000000000,0.0000000000000000,0.0000000000000000,1.0000000000000000
M 0.9791035056114197,-0.2033608108758926,0.0000000063655019,0.0323152132332325,0.2033608108758926,0.9791035056114197,-0.0000000221613838,1.9459131956100464,-0.0000000017257464,0.0000000229928130,1.0000000000000000,0.0000000136737768,0.0000000000000000,0.0000000000000000,0.0000000000000000,1.0000000000000000
M 0.9791035056114197,-0.2033608108758926,0.0000000063655019,0.0323152132332325,0.2033608108758926,0.9791035056114197,-0.0000000221613838,1.9459131956100464,-0.0000000017257464,0.0000000229928130,1.0000000000000000,0.0000000136737768,0.0000000000000000,0.0000000000000000,0.0000000000000000,1.0000000000000000
M 0.9791035056114197,-0.2033608108758926,0.0000000063655019,0.0323152132332325,0.2033608108758926,0.9791035056114197,-0.0000000221613838,1.9459131956100464,-0.0000000017257464,0.0000000229928130,1.0000000000000000,0.0000000136737768,0.0000000000000000,0.0000000000000000,0.0000000000000000,1.0000000000000000
M 0.9791035056114197,-0.2033608108758926,0.0000000063655019,0.0323152132332325,0.2033608108758926,0.9791035056114197,-0.0000000221613838,1.9459131956100464,-0.0000000017257464,0.0000000229928130,1.0000000000000000,0.0000000136737768,0.0000000000000000,0.0000000000000000,0.0000000000000000,1.0000000000000000
M 0.9791035056114197,-0.2033608108758926,0.0000000063655019,0.0323152132332325,0.2033608108758926,0.9791035056114197,-0.0000000221613838,1.9459131956100464,-0.0000000017257464,0.0000000229928130,1.0000000000000000,0.0000000136737768,0.0000000000000000,0.0000000000000000,0.0000000000000000,1.0000000000000000
M 0.9791035056114197,-0.2033608108758926,0.0000000063655019,0.0323152132332325,0.2033608108758926,0.9791035056114197,-0.0000000221613838,1.9459131956100464,-0.0000000017257464,0.0000000229928130,1.0000000000000000,0.0000000136737768,0.0000000000000000,0.0000000000000000,0.0000000000000000,1.0000000000000000
M 0.9791035056114197,-0.2033608108758926,0.0000000063655019,0.0323152132332325,0.2033608108758926,0.9791035056114197,-0.0000000221613838,1.9459131956100464,-0.0000000017257464,0.0000000229928130,1.0000000000000000,0.0000000136737768,0.0000000000000000,0.0000000000000000,0.0000000000000000,1.0000000000000000
M 0.9791035056114197,-0.2033608108758926,0.0000000063655019,0.0323152132332325,0.2033608108758926,0.9791035056114197,-0.0000000221613838,1.9459131956100464,-0.0000000017257464,0.0000000229928130,1.0000000000000000,0.0000000136737768,0.0000000000000000,0.0000000000000000,0.0000000000000000,1.0000000000000000
M 0.9791035056114197,-0.2033608108758926,0.0000000063655019,0.0323152132332325,0.2033608108758926,0.9791035056114197,-0.0000000221613838,1.9459131956100464,-0.0000000017257464,0.0000000229928130,1.0000000000000000,0.0000000136737768,0.0000000000000000,0.0000000000000000,0.0000000000000000,1.0000000000000000
M 0.9791035056114197,-0.2033608108758926,0.0000000063655019,0.0323152132332325,0.2033608108758926,0.9791035056114197,-0.0000000221613838,1.9459131956100464,-0.0000000017257464,0.0000000229928130,1.0000000000000000,0.0000000136737768,0.0000000000000000,0.0000000000000000,0.0000000000000000,1.0000000000000000
M 0.9791035056114197,-0.2033608108758926,0.0000000063655019,0.0323152132332325,0.2033608108758926,0.9791035056114197,-0.0000000221613838,1.9459131956100464,-0.0000000017257464,0.0000000229928130,1.0000000000000000,0.0000000136737768,0.0000000000000000,0.0000000000000000,0.0000000000000000,1.0000000000000000
M 0.9791035056114197,-0.2033608108758926,0.0000000063655019,0.0323152132332325,0.2033608108758926,0.9791035056114197,-0.0000000221613838,1.9459131956100464,-0.0000000017257464,0.0000000229928130,1.0000000000000000,0.0000000136737768,0.0000000000000000,0.0000000000000000,0.0000000000000000,1.0000000000000000
M 0.9791035056114197,-0.2033608108758926,0.0000000063655019,0.0323152132332325,0.2033608108758926,0.9791035056114197,-0.0000000221613838,1.9459131956100464,-0.0000000017257464,0.0000000229928130,1.0000000000000000,0.0000000136737768,0.0000000000000000,0.0000000000000000,0.0000000000000000,1.0000000000000000
M 0.9791035056114197,-0.2033608108758926,0.0000000063655019,0.0323152132332325,0.2033608108758926,0.9791035056114197,-0.0000000221613838,1.9459131956100464,-0.0000000017257464,0.0000000229928130,1.0000000000000000,0.0000000136737768,0.0000000000000000,0.0000000000000000,0.0000000000000000,1.0000000000000000
M 0.9791035056114197,-0.2033608108758926,0.0000000063655019,0.0323152132332325,0.2033608108758926,0.9791035056114197,-0.0000000221613838,1.9459131956100464,-0.0000000017257464,0.0000000229928130,1.0000000000000000,0.0000000136737768,0.0000000000000000,0.0000000000000000,0.0000000000000000,1.0000000000000000
M 0.9791035056114197,-0.2033608108758926,0.0000000063655019,0.0323152132332325,0.2033608108758926,0.9791035056114197,-0.0000000221613838,1.9459131956100464,-0.0000000017257464,0.0000000229928130,1.0000000000000000,0.0000000136737768,0.0000000000000000,0.0000000000000000,0.0000000000000000,1.0000000000000000
M 0.9791035056114197,-0.2033608108758926,0.0000000063655019,0.0323152132332325,0.2033608108758926,0.9791035056114197,-0.0000000221613838,1.9459131956100464,-0.0000000017257464,0.0000000229928130,1.0000000000000000,0.0000000136737768,0.0000000000000000,0.0000000000000000,0.0000000000000000,1.0000000000000000
M 0.9791035056114197,-0.2033608108758926,0.0000000063655019,0.0323152132332325,0.2033608108758926,0.9791035056114197,-0.0000000221613838,1.9459131956100464,-0.0000000017257464,0.0000000229928130,1.0000000000000000,0.0000000136737768,0.0000000000000000,0.0000000000000000,0.0000000000000000,1.0000000000000000
M 0.9791035056114197,-0.2033608108758926,0.0000000063655019,0.0323152132332325,0.2033608108758926,0.9791035056114197,-0.0000000221613838,1.9459131956100464,-0.0000000017257464,0.0000000229928130,1.0000000000000000,0.0000000136737768,0.0000000000000000,0.0000000000000000,0.0000000000000000,1.0000000000000000
M 0.9791035056114197,-0.2033608108758926,0.0000000063655019,0.0323152132332325,0.2033608108758926,0.9791035056114197,-0.0000000221613838,1.9459131956100464,-0.0000000017257464,0.0000000229928130,1.0000000000000000,0.0000000136737768,0.0000000000000000,0.0000000000000000,0.0000000000000000,1.0000000000000000
M 0.9791035056114197,-0.2033608108758926,0.0000000063655019,0.0323152132332325,0.2033608108758926,0.9791035056114197,-0.0000000221613838,1.9459131956100464,-0.0000000017257464,0.0000000229928130,1.0000000000000000,0.0000000136737768,0.0000000000000000,0.0000000000000000,0.0000000000000000,1.0000000000000000
M 0.9791035056114197,-0.2033608108758926,0.0000000063655019,0.0323152132332325,0.2033608108758926,0.9791035056114197,-0.0000000221613838,1.9459131956100464,-0.0000000017257464,0.0000000229928130,1.0000000000000000,0.0000000136737768,0.0000000000000000,0.0000000000000000,0.0000000000000000,1.0000000000000000
M 0.9791035056114197,-0.2033608108758926,0.0000000063655019,0.0323152132332325,0.2033608108758926,0.9791035056114197,-0.0000000221613838,1.9459131956100464,-0.0000000017257464,0.0000000229928130,1.0000000000000000,0.0000000136737768,0.0000000000000000,0.0000000000000000,0.0000000000000000,1.0000000000000000
M 0.9791035056114197,-0.2033608108758926,0.0000000063655019,0.0323152132332325,0.2033608108758926,0.9791035056114197,-0.0000000221613838,1.9459131956100464,-0.0000000017257464,0.0000000229928130,1.0000000000000000,0.0000000136737768,0.0000000000000000,0.0000000000000000,0.0000000000000000,1.0000000000000000
M 0.9791035056114197,-0.2033608108758926,0.0000000063655019,0.0323152132332325,0.2033608108758926,0.9791035056114197,-0.0000000221613838,1.9459131956100464,-0.0000000017257464,0.0000000229928130,1.0000000000000000,0.0000000136737768,0.0000000000000000,0.0000000000000000,0.0000000000000000,1.0000000000000000
M 0.9791035056114197,-0.2033608108758926,0.0000000063655019,0.0323152132332325,0.2033608108758926,0.9791035056114197,-0.0000000221613838,1.9459131956100464,-0.0000000017257464,0.0000000229928130,1.0000000000000000,0.0000000136737768,0.0000000000000000,0.0000000000000000,0.0000000000000000,1.0000000000000000
