O WIDGET_125
A WIDGET_125_WIDGET_125
M 1.0000000000000000,0.0000000000000000,0.0000000000000036,0.0000000843294927,0.0000000000000000,1.0000000000000000,-0.0000000437113883,0.0000000546684760,-0.0000000000000036,0.0000000437113883,1.0000000000000000,-0.0000000012414070,0.0000000000000000,0.0000000000000000,0.0000000000000000,1.0000000000000000
M 1.0000000000000000,0.0000000000000000,0.0000000000000036,0.0000000843294927,0.0000000000000000,1.0000000000000000,-0.0000000437113883,0.0000000546684760,-0.0000000000000036,0.0000000437113883,1.0000000000000000,-0.0000000012414070,0.0000000000000000,0.0000000000000000,0.0000000000000000,1.0000000000000000
M 0.9999994039535522,0.0009557885350659,-0.0000000000415905,-0.0004677029792219,-0.0009557885350659,0.9999994039535522,-0.0000000437323031,0.0085780126973987,-0.0000000000001954,0.0000000437323173,1.0000000000000000,-0.0000000012625254,0.0000000000000000,0.0000000000000000,0.0000000000000000,1.0000000000000000
M 0.9999929070472717,0.0037190152797848,-0.0000000001597709,-0.0018072386737913,-0.0037190152797848,0.9999929070472717,-0.0000000437921948,0.0334147661924362,-0.0000000000030909,0.0000000437925110,1.0000000000000000,-0.0000000013027576,0.0000000000000000,0.0000000000000000,0.0000000000000000,1.0000000000000000
M 0.9999670982360840,0.0081342235207558,-0.0000000003422497,-0.0039035750087351,-0.0081342235207558,0.9999670982360840,-0.0000000438864447,0.0732136443257332,-0.0000000000147544,0.0000000438877663,1.0000000000000000,-0.0000000013044089,0.0000000000000000,0.0000000000000000,0.0000000000000000,1.0000000000000000
M 0.9999012351036072,0.0140457348898053,-0.0000000005743706,-0.0066157733090222,-0.0140457348898053,0.9999012351036072,-0.0000000440097345,0.1267220675945282,-0.0000000000438405,0.0000000440134471,1.0000000000000000,-0.0000000011867999,0.0000000000000000,0.0000000000000000,0.0000000000000000,1.0000000000000000
M 0.9997730255126953,0.0212978869676590,-0.0000000008402629,-0.0098067261278629,-0.0212978869676590,0.9997730255126953,-0.0000000441561845,0.1927079409360886,-0.0000000001003429,0.0000000441640751,1.0000000000000000,-0.0000000008564808,0.0000000000000000,0.0000000000000000,0.0000000000000000,1.0000000000000000
M 0.9995576143264771,0.0297335162758827,-0.0000000011236491,-0.0133224334567785,-0.0297335162758827,0.9995576143264771,-0.0000000443192505,0.2699331045150757,-0.0000000001945999,0.0000000443330812,1.0000000000000000,-0.0000000002158320,0.0000000000000000,0.0000000000000000,0.0000000000000000,1.0000000000000000
M 0.9992313385009766,0.0391964614391327,-0.0000000014088782,-0.0170281138271093,-0.0391964614391327,0.9992313385009766,-0.0000000444916175,0.3571577072143555,-0.0000000003361081,0.0000000445126496,1.0000000000000000,-0.0000000028985252,0.0000000000000000,0.0000000000000000,0.0000000000000000,1.0000000000000000
M 0.9987726807594299,0.0495294407010078,-0.0000000016815720,-0.0207877475768328,-0.0495294407010078,0.9987726807594299,-0.0000000446653665,0.4531074464321136,-0.0000000005327543,0.0000000446938380,1.0000000000000000,-0.0000000051005520,0.0000000000000000,0.0000000000000000,0.0000000000000000,1.0000000000000000
M 0.9981635212898254,0.0605746433138847,-0.0000000019292794,-0.0244704764336348,-0.0605746433138847,0.9981635212898254,-0.0000000448322872,0.5564664006233215,-0.0000000007899531,0.0000000448668409,1.0000000000000000,-0.0000000030385399,0.0000000000000000,0.0000000000000000,0.0000000000000000,1.0000000000000000
M 0.9973917007446289,0.0721745267510414,-0.0000000021421334,-0.0279647987335920,-0.0721745267510414,0.9973917007446289,-0.0000000449841373,0.6658747792243958,-0.0000000011101414,0.0000000450214444,1.0000000000000000,-0.0000000004053338,0.0000000000000000,0.0000000000000000,0.0000000000000000,1.0000000000000000
M 0.9964509606361389,0.0841712877154350,-0.0000000023130582,-0.0311713423579931,-0.0841712877154350,0.9964509606361389,-0.0000000451130937,0.7799173593521118,-0.0000000014923601,0.0000000451477185,1.0000000000000000,0.0000000065267591,0.0000000000000000,0.0000000000000000,0.0000000000000000,1.0000000000000000
M 0.9953417778015137,0.0964072346687317,-0.0000000024380635,-0.0340013243257999,-0.0964072346687317,0.9953417778015137,-0.0000000452122286,0.8971235752105713,-0.0000000019320689,0.0000000452366749,1.0000000000000000,0.0000000102772084,0.0000000000000000,0.0000000000000000,0.0000000000000000,1.0000000000000000
M 0.9940717220306396,0.1087249517440796,-0.0000000025161948,-0.0363786779344082,-0.1087249517440796,0.9940717220306396,-0.0000000452759217,1.0159687995910645,-0.0000000024213309,0.0000000452811015,1.0000000000000000,0.0000000182350206,0.0000000000000000,0.0000000000000000,0.0000000000000000,1.0000000000000000
M 0.9926564693450928,0.1209673285484314,-0.0000000025494664,-0.0382381491363049,-0.1209673285484314,0.9926564693450928,-0.0000000453004212,1.1348768472671509,-0.0000000029491185,0.0000000452761526,1.0000000000000000,0.0000000191331075,0.0000000000000000,0.0000000000000000,0.0000000000000000,1.0000000000000000
M 0.9911187887191772,0.1329797059297562,-0.0000000025425857,-0.0395467244088650,-0.1329797059297562,0.9911187887191772,-0.0000000452839828,1.2522457838058472,-0.0000000035018355,0.0000000452199203,1.0000000000000000,0.0000000240305038,0.0000000000000000,0.0000000000000000,0.0000000000000000,1.0000000000000000
M 0.9894892573356628,0.1446068733930588,-0.0000000025025138,-0.0402726791799068,-0.1446068733930588,0.9894892573356628,-0.0000000452272886,1.3664284944534302,-0.0000000040639705,0.0000000451137865,1.0000000000000000,0.0000000253393200,0.0000000000000000,0.0000000000000000,0.0000000000000000,1.0000000000000000
M 0.9878050684928894,0.1556948125362396,-0.0000000024379654,-0.0404199473559856,-0.1556948125362396,0.9878050684928894,-0.0000000451334294,1.4757579565048218,-0.0000000046188084,0.0000000449626185,1.0000000000000000,0.0000000303586702,0.0000000000000000,0.0000000000000000,0.0000000000000000,1.0000000000000000
M 0.9861101508140564,0.1660923063755035,-0.0000000023590072,-0.0400212518870831,-0.1660923063755035,0.9861101508140564,-0.0000000450077522,1.5785710811614990,-0.0000000051492002,0.0000000447744064,1.0000000000000000,0.0000000352044616,0.0000000000000000,0.0000000000000000,0.0000000000000000,1.0000000000000000
M 0.9844530224800110,0.1756485104560852,-0.0000000022764044,-0.0391211621463299,-0.1756485104560852,0.9844530224800110,-0.0000000448576145,1.6731983423233032,-0.0000000056381531,0.0000000445600463,1.0000000000000000,0.0000000359908370,0.0000000000000000,0.0000000000000000,0.0000000000000000,1.0000000000000000
M 0.9828860759735107,0.1842135787010193,-0.0000000022011704,-0.0378025285899639,-0.1842135787010193,0.9828860759735107,-0.0000000446919088,1.7579771280288696,-0.0000000060693424,0.0000000443325554,1.0000000000000000,0.0000000437366694,0.0000000000000000,0.0000000000000000,0.0000000000000000,1.0000000000000000
M 0.9814656972885132,0.1916381120681763,-0.0000000021440996,-0.0361706130206585,-0.1916381120681763,0.9814656972885132,-0.0000000445205508,1.8312544822692871,-0.0000000064274737,0.0000000441062866,1.0000000000000000,0.0000000471166466,0.0000000000000000,0.0000000000000000,0.0000000000000000,1.0000000000000000
M 0.9802470207214355,0.1977759152650833,-0.0000000021153919,-0.0343418233096600,-0.1977759152650833,0.9802470207214355,-0.0000000443533743,1.8914214372634888,-0.0000000066984072,0.0000000438956640,1.0000000000000000,0.0000000497166361,0.0000000000000000,0.0000000000000000,0.0000000000000000,1.0000000000000000
M 0.9792867898941040,0.2024775594472885,0.0000000003225678,-0.0324643068015575,-0.2024775594472885,0.9792867898941040,-0.0000000492846048,1.9368544816970825,-0.0000000102949116,0.0000000481984550,1.0000000000000000,0.0000000802242894,0.0000000000000000,0.0000000000000000,0.0000000000000000,1.0000000000000000
M 0.9791035056114197,0.2033608108758926,-0.0000000095860404,-0.0323152057826519,-0.2033608108758926,0.9791035056114197,-0.0000000456562006,1.9459131956100464,0.0000000001010638,0.0000000466516106,1.0000000000000000,-0.0000000090531946,0.0000000000000000,0.0000000000000000,0.0000000000000000,1.0000000000000000
M 0.9801031351089478,0.1984880566596985,-0.0000000094156603,-0.0357315801084042,-0.1984880566596985,0.9801031351089478,-0.0000000459103084,1.9024769067764282,0.0000000001156832,0.0000000468657539,1.0000000000000000,-0.0000000056890554,0.0000000000000000,0.0000000000000000,0.0000000000000000,1.0000000000000000
M 0.9811866283416748,0.1930605024099350,-0.0000000092228518,-0.0392398796975613,-0.1930605024099350,0.9811866283416748,-0.0000000461879068,1.8543332815170288,0.0000000001322886,0.0000000470995509,1.0000000000000000,-0.0000000060889720,0.0000000000000000,0.0000000000000000,0.0000000000000000,1.0000000000000000
M 0.9822486042976379,0.1875827610492706,-0.0000000090255368,-0.0424713306128979,-0.1875827610492706,0.9822486042976379,-0.0000000464634340,1.8055045604705811,0.0000000001495974,0.0000000473316994,1.0000000000000000,-0.0000000064932362,0.0000000000000000,0.0000000000000000,0.0000000000000000,1.0000000000000000
M 0.9831947088241577,0.1825598478317261,-0.0000000088421412,-0.0451681725680828,-0.1825598478317261,0.9831947088241577,-0.0000000467117935,1.7602052688598633,0.0000000001658510,0.0000000475410182,1.0000000000000000,-0.0000000068634267,0.0000000000000000,0.0000000000000000,0.0000000000000000,1.0000000000000000
M 0.9839414358139038,0.1784907430410385,-0.0000000086912753,-0.0471433065831661,-0.1784907430410385,0.9839414358139038,-0.0000000469086316,1.7232093811035156,0.0000000001789570,0.0000000477066813,1.0000000000000000,-0.0000000071585293,0.0000000000000000,0.0000000000000000,0.0000000000000000,1.0000000000000000
M 0.9844124317169189,0.1758745163679123,-0.0000000083550278,-0.0482870303094387,-0.1758745163679123,0.9844124317169189,-0.0000000470580446,1.6993983983993530,-0.0000000000515076,0.0000000477939750,1.0000000000000000,-0.0000000052370828,0.0000000000000000,0.0000000000000000,0.0000000000000000,1.0000000000000000
M 0.9846988320350647,0.1742629855871201,-0.0000000082919325,-0.0489208661019802,-0.1742629855871201,0.9846988320350647,-0.0000000471280330,1.6848427057266235,-0.0000000000476031,0.0000000478519340,1.0000000000000000,-0.0000000053343649,0.0000000000000000,0.0000000000000000,0.0000000000000000,1.0000000000000000
M 0.9849258661270142,0.1729747205972672,-0.0000000082412877,-0.0494079999625683,-0.1729747205972672,0.9849258661270142,-0.0000000471835797,1.6732386350631714,-0.0000000000444767,0.0000000478979061,1.0000000000000000,-0.0000000016865132,0.0000000000000000,0.0000000000000000,0.0000000000000000,1.0000000000000000
M 0.9850687980651855,0.1721591204404831,-0.0000000082090192,-0.0497051440179348,-0.1721591204404831,0.9850687980651855,-0.0000000472182222,1.6659098863601685,-0.0000000000425867,0.0000000479264948,1.0000000000000000,-0.0000000017341644,0.0000000000000000,0.0000000000000000,0.0000000000000000,1.0000000000000000
M 0.9851027131080627,0.1719658374786377,-0.0000000080960385,-0.0497654788196087,-0.1719658374786377,0.9851027131080627,-0.0000000473365915,1.6641820669174194,-0.0000000001648320,0.0000000480236757,1.0000000000000000,-0.0000000082209883,0.0000000000000000,0.0000000000000000,0.0000000000000000,1.0000000000000000
M 0.9850387573242188,0.1723316609859467,-0.0000000081097804,-0.0496174506843090,-0.1723316609859467,0.9850387573242188,-0.0000000473191974,1.6676291227340698,-0.0000000001661252,0.0000000480088431,1.0000000000000000,-0.0000000081934957,0.0000000000000000,0.0000000000000000,0.0000000000000000,1.0000000000000000
M 0.9849138259887695,0.1730452030897141,-0.0000000081370555,-0.0493397973477840,-0.1730452030897141,0.9849138259887695,-0.0000000472864450,1.6744430065155029,-0.0000000001683918,0.0000000479811639,1.0000000000000000,-0.0000000044182484,0.0000000000000000,0.0000000000000000,0.0000000000000000,1.0000000000000000
M 0.9847392439842224,0.1740343570709229,-0.0000000081750349,-0.0489484332501888,-0.1740343570709229,0.9847392439842224,-0.0000000472415600,1.6838833093643188,-0.0000000001713548,0.0000000479433915,1.0000000000000000,-0.0000000043511643,0.0000000000000000,0.0000000000000000,0.0000000000000000,1.0000000000000000
M 0.9845280051231384,0.1752264201641083,-0.0000000082209457,-0.0484690479934216,-0.1752264201641083,0.9845280051231384,-0.0000000471878714,1.6952003240585327,-0.0000000001747903,0.0000000478983324,1.0000000000000000,-0.0000000042720174,0.0000000000000000,0.0000000000000000,0.0000000000000000,1.0000000000000000
M 0.9842914342880249,0.1765493452548981,-0.0000000082719867,-0.0479223839938641,-0.1765493452548981,0.9842914342880249,-0.0000000471286050,1.7076530456542969,-0.0000000001784567,0.0000000478487330,1.0000000000000000,-0.0000000041859693,0.0000000000000000,0.0000000000000000,0.0000000000000000,1.0000000000000000
M 0.9840427637100220,0.1779308170080185,-0.0000000083253919,-0.0473383925855160,-0.1779308170080185,0.9840427637100220,-0.0000000470670827,1.7204992771148682,-0.0000000001821266,0.0000000477973892,1.0000000000000000,-0.0000000040979340,0.0000000000000000,0.0000000000000000,0.0000000000000000,1.0000000000000000
M 0.9837915897369385,0.1793149262666702,-0.0000000083789899,-0.0467372499406338,-0.1793149262666702,0.9837915897369385,-0.0000000470057415,1.7332588434219360,-0.0000000001856403,0.0000000477463509,1.0000000000000000,-0.0000000040115977,0.0000000000000000,0.0000000000000000,0.0000000000000000,1.0000000000000000
M 0.9835361242294312,0.1807103306055069,-0.0000000084329077,-0.0461112074553967,-0.1807103306055069,0.9835361242294312,-0.0000000469437182,1.7460925579071045,-0.0000000001891361,0.0000000476947832,1.0000000000000000,-0.0000000039248507,0.0000000000000000,0.0000000000000000,0.0000000000000000,1.0000000000000000
M 0.9832719564437866,0.1821419596672058,-0.0000000084878655,-0.0454416535794735,-0.1821419596672058,0.9832719564437866,-0.0000000468793075,1.7592222690582275,-0.0000000001927883,0.0000000476411373,1.0000000000000000,-0.0000000038344528,0.0000000000000000,0.0000000000000000,0.0000000000000000,1.0000000000000000
M 0.9829943180084229,0.1836345046758652,-0.0000000085445704,-0.0447154156863689,-0.1836345046758652,0.9829943180084229,-0.0000000468108077,1.7728668451309204,-0.0000000001967922,0.0000000475838711,1.0000000000000000,-0.0000000037370684,0.0000000000000000,0.0000000000000000,0.0000000000000000,1.0000000000000000
M 0.9826981425285339,0.1852131187915802,-0.0000000086037284,-0.0439083985984325,-0.1852131187915802,0.9826981425285339,-0.0000000467364885,1.7872501611709595,-0.0000000002013184,0.0000000475214144,1.0000000000000000,-0.0000000036294274,0.0000000000000000,0.0000000000000000,0.0000000000000000,1.0000000000000000
M 0.9823783040046692,0.1869022250175476,-0.0000000086660190,-0.0429985485970974,-0.1869022250175476,0.9823783040046692,-0.0000000466546375,1.8025900125503540,-0.0000000002065266,0.0000000474522288,1.0000000000000000,-0.0000000035084886,0.0000000000000000,0.0000000000000000,0.0000000000000000,1.0000000000000000
M 0.9820293784141541,0.1887264996767044,-0.0000000087320968,-0.0419669859111309,-0.1887264996767044,0.9820293784141541,-0.0000000465635210,1.8191058635711670,-0.0000000002125769,0.0000000473747548,1.0000000000000000,-0.0000000033711935,0.0000000000000000,0.0000000000000000,0.0000000000000000,1.0000000000000000
M 0.9816459417343140,0.1907112747430801,-0.0000000089076080,-0.0407850258052349,-0.1907112747430801,0.9816459417343140,-0.0000000463502765,1.8370236158370972,-0.0000000000953835,0.0000000471983697,1.0000000000000000,-0.0000000079298079,0.0000000000000000,0.0000000000000000,0.0000000000000000,1.0000000000000000
M 0.9810298681259155,0.1938553154468536,-0.0000000090181089,-0.0388180576264858,-0.1938553154468536,0.9810298681259155,-0.0000000461859173,1.8645554780960083,-0.0000000001063294,0.0000000470580019,1.0000000000000000,-0.0000000076811544,0.0000000000000000,0.0000000000000000,0.0000000000000000,1.0000000000000000
M 0.9801865816116333,0.1980751603841782,-0.0000000091657011,-0.0360343419015408,-0.1980751603841782,0.9801865816116333,-0.0000000459645975,1.9008218050003052,-0.0000000001203235,0.0000000468694132,1.0000000000000000,-0.0000000073533211,0.0000000000000000,0.0000000000000000,0.0000000000000000,1.0000000000000000
M 0.9794317483901978,0.2017743289470673,-0.0000000092944035,-0.0334598384797573,-0.2017743289470673,0.9794317483901978,-0.0000000457699088,1.9324082136154175,-0.0000000001319302,0.0000000467039101,1.0000000000000000,-0.0000000070714918,0.0000000000000000,0.0000000000000000,0.0000000000000000,1.0000000000000000
M 0.9791035056114197,0.2033608108758926,-0.0000000095860404,-0.0323152057826519,-0.2033608108758926,0.9791035056114197,-0.0000000456562006,1.9459131956100464,0.0000000001010638,0.0000000466516106,1.0000000000000000,-0.0000000090531946,0.0000000000000000,0.0000000000000000,0.0000000000000000,1.0000000000000000
M 0.9791035056114197,0.2033608108758926,-0.0000000095860404,-0.0323152057826519,-0.2033608108758926,0.9791035056114197,-0.0000000456562006,1.9459131956100464,0.0000000001010638,0.0000000466516106,1.0000000000000000,-0.0000000090531946,0.0000000000000000,0.0000000000000000,0.0000000000000000,1.0000000000000000
M 0.9791035056114197,0.2033608108758926,-0.0000000095860404,-0.0323152057826519,-0.2033608108758926,0.9791035056114197,-0.0000000456562006,1.9459131956100464,0.0000000001010638,0.0000000466516106,1.0000000000000000,-0.0000000090531946,0.0000000000000000,0.0000000000000000,0.0000000000000000,1.0000000000000000
M 0.9791035056114197,0.2033608108758926,-0.0000000095860404,-0.0323152057826519,-0.2033608108758926,0.9791035056114197,-0.0000000456562006,1.9459131956100464,0.0000000001010638,0.0000000466516106,1.0000000000000000,-0.0000000090531946,0.0000000000000000,0.0000000000000000,0.0000000000000000,1.0000000000000000
M 0.9791035056114197,0.2033608108758926,-0.0000000095860404,-0.0323152057826519,-0.2033608108758926,0.9791035056114197,-0.0000000456562006,1.9459131956100464,0.0000000001010638,0.0000000466516106,1.0000000000000000,-0.0000000090531946,0.0000000000000000,0.0000000000000000,0.0000000000000000,1.0000000000000000
M 0.9791035056114197,0.2033608108758926,-0.0000000095860404,-0.0323152057826519,-0.2033608108758926,0.9791035056114197,-0.0000000456562006,1.9459131956100464,0.0000000001010638,0.0000000466516106,1.0000000000000000,-0.0000000090531946,0.0000000000000000,0.0000000000000000,0.0000000000000000,1.0000000000000000
M 0.9791035056114197,0.2033608108758926,-0.0000000095860404,-0.0323152057826519,-0.2033608108758926,0.9791035056114197,-0.0000000456562006,1.9459131956100464,0.0000000001010638,0.0000000466516106,1.0000000000000000,-0.0000000090531946,0.0000000000000000,0.0000000000000000,0.0000000000000000,1.0000000000000000
M 0.9791035056114197,0.2033608108758926,-0.0000000095860404,-0.0323152057826519,-0.2033608108758926,0.9791035056114197,-0.0000000456562006,1.9459131956100464,0.0000000001010638,0.0000000466516106,1.0000000000000000,-0.0000000090531946,0.0000000000000000,0.0000000000000000,0.0000000000000000,1.0000000000000000
M 0.9791035056114197,0.2033608108758926,-0.0000000095860404,-0.0323152057826519,-0.2033608108758926,0.9791035056114197,-0.0000000456562006,1.9459131956100464,0.0000000001010638,0.0000000466516106,1.0000000000000000,-0.0000000090531946,0.0000000000000000,0.0000000000000000,0.0000000000000000,1.0000000000000000
M 0.9791035056114197,0.2033608108758926,-0.0000000095860404,-0.0323152057826519,-0.2033608108758926,0.9791035056114197,-0.0000000456562006,1.9459131956100464,0.0000000001010638,0.0000000466516106,1.0000000000000000,-0.0000000090531946,0.0000000000000000,0.0000000000000000,0.0000000000000000,1.0000000000000000
M 0.9791035056114197,0.2033608108758926,-0.0000000095860404,-0.0323152057826519,-0.2033608108758926,0.9791035056114197,-0.0000000456562006,1.9459131956100464,0.0000000001010638,0.0000000466516106,1.0000000000000000,-0.0000000090531946,0.0000000000000000,0.0000000000000000,0.0000000000000000,1.0000000000000000
M 0.9791035056114197,0.2033608108758926,-0.0000000095860404,-0.0323152057826519,-0.2033608108758926,0.9791035056114197,-0.0000000456562006,1.9459131956100464,0.0000000001010638,0.0000000466516106,1.0000000000000000,-0.0000000090531946,0.0000000000000000,0.0000000000000000,0.0000000000000000,1.0000000000000000
M 0.9791035056114197,0.2033608108758926,-0.0000000095860404,-0.0323152057826519,-0.2033608108758926,0.9791035056114197,-0.0000000456562006,1.9459131956100464,0.0000000001010638,0.0000000466516106,1.0000000000000000,-0.0000000090531946,0.0000000000000000,0.0000000000000000,0.0000000000000000,1.0000000000000000
M 0.9791035056114197,0.2033608108758926,-0.0000000095860404,-0.0323152057826519,-0.2033608108758926,0.9791035056114197,-0.0000000456562006,1.9459131956100464,0.0000000001010638,0.0000000466516106,1.0000000000000000,-0.0000000090531946,0.0000000000000000,0.0000000000000000,0.0000000000000000,1.0000000000000000
M 0.9791035056114197,0.2033608108758926,-0.0000000095860404,-0.0323152057826519,-0.2033608108758926,0.9791035056114197,-0.0000000456562006,1.9459131956100464,0.0000000001010638,0.0000000466516106,1.0000000000000000,-0.0000000090531946,0.0000000000000000,0.0000000000000000,0.0000000000000000,1.0000000000000000
M 0.9791035056114197,0.2033608108758926,-0.0000000095860404,-0.0323152057826519,-0.2033608108758926,0.9791035056114197,-0.0000000456562006,1.9459131956100464,0.0000000001010638,0.0000000466516106,1.0000000000000000,-0.0000000090531946,0.0000000000000000,0.0000000000000000,0.0000000000000000,1.0000000000000000
M 0.9791035056114197,0.2033608108758926,-0.0000000095860404,-0.0323152057826519,-0.2033608108758926,0.9791035056114197,-0.0000000456562006,1.9459131956100464,0.0000000001010638,0.0000000466516106,1.0000000000000000,-0.0000000090531946,0.0000000000000000,0.0000000000000000,0.0000000000000000,1.0000000000000000
M 0.9791035056114197,0.2033608108758926,-0.0000000095860404,-0.0323152057826519,-0.2033608108758926,0.9791035056114197,-0.0000000456562006,1.9459131956100464,0.0000000001010638,0.0000000466516106,1.0000000000000000,-0.0000000090531946,0.0000000000000000,0.0000000000000000,0.0000000000000000,1.0000000000000000
M 0.9791035056114197,0.2033608108758926,-0.0000000095860404,-0.0323152057826519,-0.2033608108758926,0.9791035056114197,-0.0000000456562006,1.9459131956100464,0.0000000001010638,0.0000000466516106,1.0000000000000000,-0.0000000090531946,0.0000000000000000,0.0000000000000000,0.0000000000000000,1.0000000000000000
M 0.9791035056114197,0.2033608108758926,-0.0000000095860404,-0.0323152057826519,-0.2033608108758926,0.9791035056114197,-0.0000000456562006,1.9459131956100464,0.0000000001010638,0.0000000466516106,1.0000000000000000,-0.0000000090531946,0.0000000000000000,0.0000000000000000,0.0000000000000000,1.0000000000000000
M 0.9791035056114197,0.2033608108758926,-0.0000000095860404,-0.0323152057826519,-0.2033608108758926,0.9791035056114197,-0.0000000456562006,1.9459131956100464,0.0000000001010638,0.0000000466516106,1.0000000000000000,-0.0000000090531946,0.0000000000000000,0.0000000000000000,0.0000000000000000,1.0000000000000000
M 0.9791035056114197,0.2033608108758926,-0.0000000095860404,-0.0323152057826519,-0.2033608108758926,0.9791035056114197,-0.0000000456562006,1.9459131956100464,0.0000000001010638,0.0000000466516106,1.0000000000000000,-0.0000000090531946,0.0000000000000000,0.0000000000000000,0.0000000000000000,1.0000000000000000
M 0.9791035056114197,0.2033608108758926,-0.0000000095860404,-0.0323152057826519,-0.2033608108758926,0.9791035056114197,-0.0000000456562006,1.9459131956100464,0.0000000001010638,0.0000000466516106,1.0000000000000000,-0.0000000090531946,0.0000000000000000,0.0000000000000000,0.0000000000000000,1.0000000000000000
M 0.9791035056114197,0.2033608108758926,-0.0000000095860404,-0.0323152057826519,-0.2033608108758926,0.9791035056114197,-0.0000000456562006,1.9459131956100464,0.0000000001010638,0.0000000466516106,1.0000000000000000,-0.0000000090531946,0.0000000000000000,0.0000000000000000,0.0000000000000000,1.0000000000000000
M 0.9791035056114197,0.2033608108758926,-0.0000000095860404,-0.0323152057826519,-0.2033608108758926,0.9791035056114197,-0.0000000456562006,1.9459131956100464,0.0000000001010638,0.0000000466516106,1.0000000000000000,-0.0000000090531946,0.0000000000000000,0.0000000000000000,0.0000000000000000,1.0000000000000000
M 0.9791035056114197,0.2033608108758926,-0.0000000095860404,-0.0323152057826519,-0.2033608108758926,0.9791035056114197,-0.0000000456562006,1.9459131956100464,0.0000000001010638,0.0000000466516106,1.0000000000000000,-0.0000000090531946,0.0000000000000000,0.0000000000000000,0.0000000000000000,1.0000000000000000
M 0.9791035056114197,0.2033608108758926,-0.0000000095860404,-0.0323152057826519,-0.2033608108758926,0.9791035056114197,-0.0000000456562006,1.9459131956100464,0.0000000001010638,0.0000000466516106,1.0000000000000000,-0.0000000090531946,0.0000000000000000,0.0000000000000000,0.0000000000000000,1.0000000000000000
M 0.9791035056114197,0.2033608108758926,-0.0000000095860404,-0.0323152057826519,-0.2033608108758926,0.9791035056114197,-0.0000000456562006,1.9459131956100464,0.0000000001010638,0.0000000466516106,1.0000000000000000,-0.0000000090531946,0.0000000000000000,0.0000000000000000,0.0000000000000000,1.0000000000000000
M 0.9791035056114197,0.2033608108758926,-0.0000000095860404,-0.0323152057826519,-0.2033608108758926,0.9791035056114197,-0.0000000456562006,1.9459131956100464,0.0000000001010638,0.0000000466516106,1.0000000000000000,-0.0000000090531946,0.0000000000000000,0.0000000000000000,0.0000000000000000,1.0000000000000000
M 0.9791035056114197,0.2033608108758926,-0.0000000095860404,-0.0323152057826519,-0.2033608108758926,0.9791035056114197,-0.0000000456562006,1.9459131956100464,0.0000000001010638,0.0000000466516106,1.0000000000000000,-0.0000000090531946,0.0000000000000000,0.0000000000000000,0.0000000000000000,1.0000000000000000
M 0.9791035056114197,0.2033608108758926,-0.0000000095860404,-0.0323152057826519,-0.2033608108758926,0.9791035056114197,-0.0000000456562006,1.9459131956100464,0.0000000001010638,0.0000000466516106,1.0000000000000000,-0.0000000090531946,0.0000000000000000,0.0000000000000000,0.0000000000000000,1.0000000000000000
M 0.9791035056114197,0.2033608108758926,-0.0000000095860404,-0.0323152057826519,-0.2033608108758926,0.9791035056114197,-0.0000000456562006,1.9459131956100464,0.0000000001010638,0.0000000466516106,1.0000000000000000,-0.0000000090531946,0.0000000000000000,0.0000000000000000,0.0000000000000000,1.0000000000000000
M 0.9791035056114197,0.2033608108758926,-0.0000000095860404,-0.0323152057826519,-0.2033608108758926,0.9791035056114197,-0.0000000456562006,1.9459131956100464,0.0000000001010638,0.0000000466516106,1.0000000000000000,-0.0000000090531946,0.0000000000000000,0.0000000000000000,0.0000000000000000,1.0000000000000000
M 0.9791035056114197,0.2033608108758926,-0.0000000095860404,-0.0323152057826519,-0.2033608108758926,0.9791035056114197,-0.0000000456562006,1.9459131956100464,0.0000000001010638,0.0000000466516106,1.0000000000000000,-0.0000000090531946,0.0000000000000000,0.0000000000000000,0.0000000000000000,1.0000000000000000
M 0.9791035056114197,0.2033608108758926,-0.0000000095860404,-0.0323152057826519,-0.2033608108758926,0.9791035056114197,-0.0000000456562006,1.9459131956100464,0.0000000001010638,0.0000000466516106,1.0000000000000000,-0.0000000090531946,0.0000000000000000,0.0000000000000000,0.0000000000000000,1.0000000000000000
M 0.9791035056114197,0.2033608108758926,-0.0000000095860404,-0.0323152057826519,-0.2033608108758926,0.9791035056114197,-0.0000000456562006,1.9459131956100464,0.0000000001010638,0.0000000466516106,1.0000000000000000,-0.0000000090531946,0.0000000000000000,0.0000000000000000,0.0000000000000000,1.0000000000000000
M 0.9791035056114197,0.2033608108758926,-0.0000000095860404,-0.0323152057826519,-0.2033608108758926,0.9791035056114197,-0.0000000456562006,1.9459131956100464,0.0000000001010638,0.0000000466516106,1.0000000000000000,-0.0000000090531946,0.0000000000000000,0.0000000000000000,0.0000000000000000,1.0000000000000000
M 0.9791035056114197,0.2033608108758926,-0.0000000095860404,-0.0323152057826519,-0.2033608108758926,0.9791035056114197,-0.0000000456562006,1.9459131956100464,0.0000000001010638,0.0000000466516106,1.0000000000000000,-0.0000000090531946,0.0000000000000000,0.0000000000000000,0.0000000000000000,1.0000000000000000
M 0.9791035056114197,0.2033608108758926,-0.0000000095860404,-0.0323152057826519,-0.2033608108758926,0.9791035056114197,-0.0000000456562006,1.9459131956100464,0.0000000001010638,0.0000000466516106,1.0000000000000000,-0.0000000090531946,0.0000000000000000,0.0000000000000000,0.0000000000000000,1.0000000000000000
M 0.9791035056114197,0.2033608108758926,-0.0000000095860404,-0.0323152057826519,-0.2033608108758926,0.9791035056114197,-0.0000000456562006,1.9459131956100464,0.0000000001010638,0.0000000466516106,1.0000000000000000,-0.0000000090531946,0.0000000000000000,0.0000000000000000,0.0000000000000000,1.0000000000000000
M 0.9791035056114197,0.2033608108758926,-0.0000000095860404,-0.0323152057826519,-0.2033608108758926,0.9791035056114197,-0.0000000456562006,1.9459131956100464,0.0000000001010638,0.0000000466516106,1.0000000000000000,-0.0000000090531946,0.0000000000000000,0.0000000000000000,0.0000000000000000,1.0000000000000000
M 0.9791035056114197,0.2033608108758926,-0.0000000095860404,-0.0323152057826519,-0.2033608108758926,0.9791035056114197,-0.0000000456562006,1.9459131956100464,0.0000000001010638,0.0000000466516106,1.0000000000000000,-0.0000000090531946,0.0000000000000000,0.0000000000000000,0.0000000000000000,1.0000000000000000
M 0.9791035056114197,0.2033608108758926,-0.0000000095860404,-0.0323152057826519,-0.2033608108758926,0.9791035056114197,-0.0000000456562006,1.9459131956100464,0.0000000001010638,0.0000000466516106,1.0000000000000000,-0.0000000090531946,0.0000000000000000,0.0000000000000000,0.0000000000000000,1.0000000000000000
M 0.9791035056114197,0.2033608108758926,-0.0000000095860404,-0.0323152057826519,-0.2033608108758926,0.9791035056114197,-0.0000000456562006,1.9459131956100464,0.0000000001010638,0.0000000466516106,1.0000000000000000,-0.0000000090531946,0.0000000000000000,0.0000000000000000,0.0000000000000000,1.0000000000000000
M 0.9791035056114197,0.2033608108758926,-0.0000000095860404,-0.0323152057826519,-0.2033608108758926,0.9791035056114197,-0.0000000456562006,1.9459131956100464,0.0000000001010638,0.0000000466516106,1.0000000000000000,-0.0000000090531946,0.0000000000000000,0.0000000000000000,0.0000000000000000,1.0000000000000000
M 0.9791035056114197,0.2033608108758926,-0.0000000095860404,-0.0323152057826519,-0.2033608108758926,0.9791035056114197,-0.0000000456562006,1.9459131956100464,0.0000000001010638,0.0000000466516106,1.0000000000000000,-0.0000000090531946,0.0000000000000000,0.0000000000000000,0.0000000000000000,1.0000000000000000
M 0.9791035056114197,0.2033608108758926,-0.0000000095860404,-0.0323152057826519,-0.2033608108758926,0.9791035056114197,-0.0000000456562006,1.9459131956100464,0.0000000001010638,0.0000000466516106,1.0000000000000000,-0.0000000090531946,0.0000000000000000,0.0000000000000000,0.0000000000000000,1.0000000000000000
M 0.9791035056114197,0.2033608108758926,-0.0000000095860404,-0.0323152057826519,-0.2033608108758926,0.9791035056114197,-0.0000000456562006,1.9459131956100464,0.0000000001010638,0.0000000466516106,1.0000000000000000,-0.0000000090531946,0.0000000000000000,0.0000000000000000,0.0000000000000000,1.0000000000000000
M 0.9791035056114197,0.2033608108758926,-0.0000000095860404,-0.0323152057826519,-0.2033608108758926,0.9791035056114197,-0.0000000456562006,1.9459131956100464,0.0000000001010638,0.0000000466516106,1.0000000000000000,-0.0000000090531946,0.0000000000000000,0.0000000000000000,0.0000000000000000,1.0000000000000000
M 0.9791035056114197,0.2033608108758926,-0.0000000095860404,-0.0323152057826519,-0.2033608108758926,0.9791035056114197,-0.0000000456562006,1.9459131956100464,0.0000000001010638,0.0000000466516106,1.0000000000000000,-0.0000000090531946,0.0000000000000000,0.0000000000000000,0.0000000000000000,1.0000000000000000
M 0.9791035056114197,0.2033608108758926,-0.0000000095860404,-0.0323152057826519,-0.2033608108758926,0.9791035056114197,-0.0000000456562006,1.9459131956100464,0.0000000001010638,0.0000000466516106,1.0000000000000000,-0.0000000090531946,0.0000000000000000,0.0000000000000000,0.0000000000000000,1.0000000000000000
M 0.9791035056114197,0.2033608108758926,-0.0000000095860404,-0.0323152057826519,-0.2033608108758926,0.9791035056114197,-0.0000000456562006,1.9459131956100464,0.0000000001010638,0.0000000466516106,1.0000000000000000,-0.0000000090531946,0.0000000000000000,0.0000000000000000,0.0000000000000000,1.0000000000000000
M 0.9791035056114197,0.2033608108758926,-0.0000000095860404,-0.0323152057826519,-0.2033608108758926,0.9791035056114197,-0.0000000456562006,1.9459131956100464,0.0000000001010638,0.0000000466516106,1.0000000000000000,-0.0000000090531946,0.0000000000000000,0.0000000000000000,0.0000000000000000,1.0000000000000000
M 0.9791035056114197,0.2033608108758926,-0.0000000095860404,-0.0323152057826519,-0.2033608108758926,0.9791035056114197,-0.0000000456562006,1.9459131956100464,0.0000000001010638,0.0000000466516106,1.0000000000000000,-0.0000000090531946,0.0000000000000000,0.0000000000000000,0.0000000000000000,1.0000000000000000
M 0.9791035056114197,0.2033608108758926,-0.0000000095860404,-0.0323152057826519,-0.2033608108758926,0.9791035056114197,-0.0000000456562006,1.9459131956100464,0.0000000001010638,0.0000000466516106,1.0000000000000000,-0.0000000090531946,0.0000000000000000,0.0000000000000000,0.0000000000000000,1.0000000000000000
M 0.9791035056114197,0.2033608108758926,-0.0000000095860404,-0.0323152057826519,-0.2033608108758926,0.9791035056114197,-0.0000000456562006,1.9459131956100464,0.0000000001010638,0.0000000466516106,1.0000000000000000,-0.0000000090531946,0.0000000000000000,0.0000000000000000,0.0000000000000000,1.0000000000000000
M 0.9791035056114197,0.2033608108758926,-0.0000000095860404,-0.0323152057826519,-0.2033608108758926,0.9791035056114197,-0.0000000456562006,1.9459131956100464,0.0000000001010638,0.0000000466516106,1.0000000000000000,-0.0000000090531946,0.0000000000000000,0.0000000000000000,0.0000000000000000,1.0000000000000000
M 0.9791035056114197,0.2033608108758926,-0.0000000095860404,-0.0323152057826519,-0.2033608108758926,0.9791035056114197,-0.0000000456562006,1.9459131956100464,0.0000000001010638,0.0000000466516106,1.0000000000000000,-0.0000000090531946,0.0000000000000000,0.0000000000000000,0.0000000000000000,1.0000000000000000
M 0.9791035056114197,0.2033608108758926,-0.0000000095860404,-0.0323152057826519,-0.2033608108758926,0.9791035056114197,-0.0000000456562006,1.9459131956100464,0.0000000001010638,0.0000000466516106,1.0000000000000000,-0.0000000090531946,0.0000000000000000,0.0000000000000000,0.0000000000000000,1.0000000000000000
M 0.9791035056114197,0.2033608108758926,-0.0000000095860404,-0.0323152057826519,-0.2033608108758926,0.9791035056114197,-0.0000000456562006,1.9459131956100464,0.0000000001010638,0.0000000466516106,1.0000000000000000,-0.0000000090531946,0.0000000000000000,0.0000000000000000,0.0000000000000000,1.0000000000000000
M 0.9791035056114197,0.2033608108758926,-0.0000000095860404,-0.0323152057826519,-0.2033608108758926,0.9791035056114197,-0.0000000456562006,1.9459131956100464,0.0000000001010638,0.0000000466516106,1.0000000000000000,-0.0000000090531946,0.0000000000000000,0.0000000000000000,0.0000000000000000,1.0000000000000000
M 0.9791035056114197,0.2033608108758926,-0.0000000095860404,-0.0323152057826519,-0.2033608108758926,0.9791035056114197,-0.0000000456562006,1.9459131956100464,0.0000000001010638,0.0000000466516106,1.0000000000000000,-0.0000000090531946,0.0000000000000000,0.0000000000000000,0.0000000000000000,1.0000000000000000
M 0.9791035056114197,0.2033608108758926,-0.0000000095860404,-0.0323152057826519,-0.2033608108758926,0.9791035056114197,-0.0000000456562006,1.9459131956100464,0.0000000001010638,0.0000000466516106,1.0000000000000000,-0.0000000090531946,0.0000000000000000,0.0000000000000000,0.0000000000000000,1.0000000000000000
M 0.9791035056114197,0.2033608108758926,-0.0000000095860404,-0.0323152057826519,-0.2033608108758926,0.9791035056114197,-0.0000000456562006,1.9459131956100464,0.0000000001010638,0.0000000466516106,1.0000000000000000,-0.0000000090531946,0.0000000000000000,0.0000000000000000,0.0000000000000000,1.0000000000000000
M 0.9791035056114197,0.2033608108758926,-0.0000000095860404,-0.0323152057826519,-0.2033608108758926,0.9791035056114197,-0.0000000456562006,1.9459131956100464,0.0000000001010638,0.0000000466516106,1.0000000000000000,-0.0000000090531946,0.0000000000000000,0.0000000000000000,0.0000000000000000,1.0000000000000000
M 0.9791035056114197,0.2033608108758926,-0.0000000095860404,-0.0323152057826519,-0.2033608108758926,0.9791035056114197,-0.0000000456562006,1.9459131956100464,0.0000000001010638,0.0000000466516106,1.0000000000000000,-0.0000000090531946,0.0000000000000000,0.0000000000000000,0.0000000000000000,1.0000000000000000
M 0.9791035056114197,0.2033608108758926,-0.0000000095860404,-0.0323152057826519,-0.2033608108758926,0.9791035056114197,-0.0000000456562006,1.9459131956100464,0.0000000001010638,0.0000000466516106,1.0000000000000000,-0.0000000090531946,0.0000000000000000,0.0000000000000000,0.0000000000000000,1.0000000000000000
M 0.9791035056114197,0.2033608108758926,-0.0000000095860404,-0.0323152057826519,-0.2033608108758926,0.9791035056114197,-0.0000000456562006,1.9459131956100464,0.0000000001010638,0.0000000466516106,1.0000000000000000,-0.0000000090531946,0.0000000000000000,0.0000000000000000,0.0000000000000000,1.0000000000000000
M 0.9791035056114197,0.2033608108758926,-0.0000000095860404,-0.0323152057826519,-0.2033608108758926,0.9791035056114197,-0.0000000456562006,1.9459131956100464,0.0000000001010638,0.0000000466516106,1.0000000000000000,-0.0000000090531946,0.0000000000000000,0.0000000000000000,0.0000000000000000,1.0000000000000000
M 0.9791035056114197,0.2033608108758926,-0.0000000095860404,-0.0323152057826519,-0.2033608108758926,0.9791035056114197,-0.0000000456562006,1.9459131956100464,0.0000000001010638,0.0000000466516106,1.0000000000000000,-0.0000000090531946,0.0000000000000000,0.0000000000000000,0.0000000000000000,1.0000000000000000
M 0.9791035056114197,0.2033608108758926,-0.0000000095860404,-0.0323152057826519,-0.2033608108758926,0.9791035056114197,-0.0000000456562006,1.9459131956100464,0.0000000001010638,0.0000000466516106,1.0000000000000000,-0.0000000090531946,0.0000000000000000,0.0000000000000000,0.0000000000000000,1.0000000000000000
M 0.9791035056114197,0.2033608108758926,-0.0000000095860404,-0.0323152057826519,-0.2033608108758926,0.9791035056114197,-0.0000000456562006,1.9459131956100464,0.0000000001010638,0.0000000466516106,1.0000000000000000,-0.0000000090531946,0.0000000000000000,0.0000000000000000,0.0000000000000000,1.0000000000000000
M 0.9791035056114197,0.2033608108758926,-0.0000000095860404,-0.0323152057826519,-0.2033608108758926,0.9791035056114197,-0.0000000456562006,1.9459131956100464,0.0000000001010638,0.0000000466516106,1.0000000000000000,-0.0000000090531946,0.0000000000000000,0.0000000000000000,0.0000000000000000,1.0000000000000000
M 0.9791035056114197,0.2033608108758926,-0.0000000095860404,-0.0323152057826519,-0.2033608108758926,0.9791035056114197,-0.0000000456562006,1.9459131956100464,0.0000000001010638,0.0000000466516106,1.0000000000000000,-0.0000000090531946,0.0000000000000000,0.0000000000000000,0.0000000000000000,1.0000000000000000
M 0.9791035056114197,0.2033608108758926,-0.0000000095860404,-0.0323152057826519,-0.2033608108758926,0.9791035056114197,-0.0000000456562006,1.9459131956100464,0.0000000001010638,0.0000000466516106,1.0000000000000000,-0.0000000090531946,0.0000000000000000,0.0000000000000000,0.0000000000000000,1.0000000000000000
