O WIDGET_105
A WIDGET_105_WIDGET_105
M 1.0000000000000000,-0.0000000000000000,-0.0000000000000036,-0.0000000801194204,0.0000000000000000,1.0000000000000000,-0.0000000437113883,-0.0000000138797986,0.0000000000000036,0.0000000437113883,1.0000000000000000,0.0000000047160107,0.0000000000000000,0.0000000000000000,0.0000000000000000,1.0000000000000000
M 1.0000000000000000,-0.0000000000000000,-0.0000000000000036,-0.0000000801194204,0.0000000000000000,1.0000000000000000,-0.0000000437113883,-0.0000000138797986,0.0000000000000036,0.0000000437113883,1.0000000000000000,0.0000000047160107,0.0000000000000000,0.0000000000000000,0.0000000000000000,1.0000000000000000
M 0.9999994039535522,-0.0009557885350659,0.0000000000419138,0.0004677074030042,0.0009557885350659,0.9999994039535522,-0.0000000436068639,0.0064274193719029,-0.0000000000002380,0.0000000436068959,1.0000000000000000,0.0000000048282516,0.0000000000000000,0.0000000000000000,0.0000000000000000,1.0000000000000000
M 0.9999929070472717,-0.0037190152797848,0.0000000001647340,0.0018220257479697,0.0037190152797848,0.9999929070472717,-0.0000000433048370,0.0250469110906124,-0.0000000000036984,0.0000000433051355,1.0000000000000000,0.0000000051344129,0.0000000000000000,0.0000000000000000,0.0000000000000000,1.0000000000000000
M 0.9999670982360840,-0.0081342235207558,0.0000000003659889,0.0039765373803675,0.0081342235207558,0.9999670982360840,-0.0000000428223359,0.0549115687608719,-0.0000000000176393,0.0000000428238920,1.0000000000000000,0.0000000055679248,0.0000000000000000,0.0000000000000000,0.0000000000000000,1.0000000000000000
M 0.9999012351036072,-0.0140457348898053,0.0000000006449133,0.0068356036208570,0.0140457348898053,0.9999012351036072,-0.0000000421764916,0.0951190814375877,-0.0000000000524559,0.0000000421814050,1.0000000000000000,0.0000000060413337,0.0000000000000000,0.0000000000000000,0.0000000000000000,1.0000000000000000
M 0.9997730255126953,-0.0212978869676590,0.0000000010018190,0.0103145670145750,0.0212978869676590,0.9997730255126953,-0.0000000413848262,0.1447876095771790,-0.0000000001201849,0.0000000413967811,1.0000000000000000,0.0000000064556418,0.0000000000000000,0.0000000000000000,0.0000000000000000,1.0000000000000000
M 0.9995576143264771,-0.0297335162758827,0.0000000014370624,0.0143171269446611,0.0297335162758827,0.9995576143264771,-0.0000000404654656,0.2030326128005981,-0.0000000002332537,0.0000000404903169,1.0000000000000000,0.0000000029826763,0.0000000000000000,0.0000000000000000,0.0000000000000000,1.0000000000000000
M 0.9992313385009766,-0.0391964614391327,0.0000000019505852,0.0187585707753897,0.0391964614391327,0.9992313385009766,-0.0000000394372996,0.2689655721187592,-0.0000000004032973,0.0000000394834601,1.0000000000000000,0.0000000029740055,0.0000000000000000,0.0000000000000000,0.0000000000000000,1.0000000000000000
M 0.9987726807594299,-0.0495294407010078,0.0000000025411333,0.0235476959496737,0.0495294407010078,0.9987726807594299,-0.0000000383201098,0.3416661024093628,-0.0000000006400395,0.0000000383989303,1.0000000000000000,0.0000000063416734,0.0000000000000000,0.0000000000000000,0.0000000000000000,1.0000000000000000
M 0.9981635212898254,-0.0605746433138847,0.0000000032057659,0.0286008585244417,0.0605746433138847,0.9981635212898254,-0.0000000371343383,0.4201733469963074,-0.0000000009504864,0.0000000372603317,1.0000000000000000,0.0000000018385995,0.0000000000000000,0.0000000000000000,0.0000000000000000,1.0000000000000000
M 0.9973917007446289,-0.0721745267510414,0.0000000039395402,0.0338327847421169,0.0721745267510414,0.9973917007446289,-0.0000000359009142,0.5034819841384888,-0.0000000013381515,0.0000000360916417,1.0000000000000000,0.0000000043169823,0.0000000000000000,0.0000000000000000,0.0000000000000000,1.0000000000000000
M 0.9964509606361389,-0.0841712877154350,0.0000000047351634,0.0391550548374653,0.0841712877154350,0.9964509606361389,-0.0000000346409301,0.5905318260192871,-0.0000000018025978,0.0000000349165674,1.0000000000000000,0.0000000025779956,0.0000000000000000,0.0000000000000000,0.0000000000000000,1.0000000000000000
M 0.9953417778015137,-0.0964072346687317,0.0000000055828830,0.0444812811911106,0.0964072346687317,0.9953417778015137,-0.0000000333751267,0.6802073121070862,-0.0000000023392850,0.0000000337579102,1.0000000000000000,0.0000000040768358,0.0000000000000000,0.0000000000000000,0.0000000000000000,1.0000000000000000
M 0.9940717220306396,-0.1087249517440796,0.0000000064705712,0.0497153662145138,0.1087249517440796,0.9940717220306396,-0.0000000321235483,0.7713375091552734,-0.0000000029395872,0.0000000326366347,1.0000000000000000,-0.0000000060543588,0.0000000000000000,0.0000000000000000,0.0000000000000000,1.0000000000000000
M 0.9926564693450928,-0.1209673285484314,0.0000000073838464,0.0547615475952625,0.1209673285484314,0.9926564693450928,-0.0000000309050670,0.8627002239227295,-0.0000000035911230,0.0000000315713145,1.0000000000000000,-0.0000000054036633,0.0000000000000000,0.0000000000000000,0.0000000000000000,1.0000000000000000
M 0.9911187887191772,-0.1329797059297562,0.0000000083064444,0.0595262385904789,0.1329797059297562,0.9911187887191772,-0.0000000297369205,0.9530413150787354,-0.0000000042782604,0.0000000305774108,1.0000000000000000,-0.0000000087874543,0.0000000000000000,0.0000000000000000,0.0000000000000000,1.0000000000000000
M 0.9894892573356628,-0.1446068733930588,0.0000000092205390,0.0639200210571289,0.1446068733930588,0.9894892573356628,-0.0000000286346733,1.0410628318786621,-0.0000000049828488,0.0000000296670528,1.0000000000000000,-0.0000000086503142,0.0000000000000000,0.0000000000000000,0.0000000000000000,1.0000000000000000
M 0.9878050684928894,-0.1556948125362396,0.0000000101071942,0.0678571909666061,0.1556948125362396,0.9878050684928894,-0.0000000276119607,1.1254444122314453,-0.0000000056849045,0.0000000288488895,1.0000000000000000,-0.0000000234983162,0.0000000000000000,0.0000000000000000,0.0000000000000000,1.0000000000000000
M 0.9861101508140564,-0.1660923063755035,0.0000000109469500,0.0712717771530151,0.1660923063755035,0.9861101508140564,-0.0000000266804836,1.2048631906509399,-0.0000000063634835,0.0000000281281061,1.0000000000000000,-0.0000000233985897,0.0000000000000000,0.0000000000000000,0.0000000000000000,1.0000000000000000
M 0.9844530224800110,-0.1756485104560852,0.0000000117201182,0.0741029381752014,0.1756485104560852,0.9844530224800110,-0.0000000258503210,1.2779890298843384,-0.0000000069973196,0.0000000275070420,1.0000000000000000,-0.0000000231166837,0.0000000000000000,0.0000000000000000,0.0000000000000000,1.0000000000000000
M 0.9828860759735107,-0.1842135787010193,0.0000000124071438,0.0763090848922729,0.1842135787010193,0.9828860759735107,-0.0000000251302570,1.3434964418411255,-0.0000000075654869,0.0000000269857505,1.0000000000000000,-0.0000000262418798,0.0000000000000000,0.0000000000000000,0.0000000000000000,1.0000000000000000
M 0.9814656972885132,-0.1916381120681763,0.0000000129891209,0.0778734087944031,0.1916381120681763,0.9814656972885132,-0.0000000245283669,1.4000685214996338,-0.0000000080477927,0.0000000265629545,1.0000000000000000,-0.0000000251910119,0.0000000000000000,0.0000000000000000,0.0000000000000000,1.0000000000000000
M 0.9802470207214355,-0.1977759152650833,0.0000000134478633,0.0787864327430725,0.1977759152650833,0.9802470207214355,-0.0000000240524205,1.4464255571365356,-0.0000000084252578,0.0000000262370001,1.0000000000000000,-0.0000000235641284,0.0000000000000000,0.0000000000000000,0.0000000000000000,1.0000000000000000
M 0.9792867898941040,-0.2024775594472885,0.0000000162129261,0.0790656507015228,0.2024775594472885,0.9792867898941040,-0.0000000186262170,1.4812797307968140,-0.0000000121057102,0.0000000215231708,1.0000000000000000,-0.0000000423523119,0.0000000000000000,0.0000000000000000,0.0000000000000000,1.0000000000000000
M 0.9791035056114197,-0.2033608108758926,0.0000000063655019,0.0793309211730957,0.2033608108758926,0.9791035056114197,-0.0000000221613838,1.4883511066436768,-0.0000000017257464,0.0000000229928130,1.0000000000000000,0.0000000160636215,0.0000000000000000,0.0000000000000000,0.0000000000000000,1.0000000000000000
M 0.9801031351089478,-0.1984880566596985,0.0000000061972711,0.0804975777864456,0.1984880566596985,0.9801031351089478,-0.0000000224206556,1.4558784961700439,-0.0000000016237480,0.0000000232046560,1.0000000000000000,0.0000000164958713,0.0000000000000000,0.0000000000000000,0.0000000000000000,1.0000000000000000
M 0.9811866283416748,-0.1930605024099350,0.0000000060103176,0.0815663784742355,0.1930605024099350,0.9811866283416748,-0.0000000227122694,1.4199469089508057,-0.0000000015124095,0.0000000234453452,1.0000000000000000,0.0000000169574079,0.0000000000000000,0.0000000000000000,0.0000000000000000,1.0000000000000000
M 0.9822486042976379,-0.1875827610492706,0.0000000058216072,0.0824117362499237,0.1875827610492706,0.9822486042976379,-0.0000000230084609,1.3834431171417236,-0.0000000014022754,0.0000000236920741,1.0000000000000000,0.0000000174045276,0.0000000000000000,0.0000000000000000,0.0000000000000000,1.0000000000000000
M 0.9831947088241577,-0.1825598478317261,0.0000000056485892,0.0829771012067795,0.1825598478317261,0.9831947088241577,-0.0000000232819257,1.3494454622268677,-0.0000000013033180,0.0000000239218814,1.0000000000000000,0.0000000177974560,0.0000000000000000,0.0000000000000000,0.0000000000000000,1.0000000000000000
M 0.9839414358139038,-0.1784907430410385,0.0000000055089995,0.0832728296518326,0.1784907430410385,0.9839414358139038,-0.0000000235061055,1.3216049671173096,-0.0000000012249096,0.0000000241119480,1.0000000000000000,0.0000000181000850,0.0000000000000000,0.0000000000000000,0.0000000000000000,1.0000000000000000
M 0.9844124317169189,-0.1758745163679123,0.0000000056577010,0.0833570063114166,0.1758745163679123,0.9844124317169189,-0.0000000236265869,1.3036805391311646,-0.0000000014142053,0.0000000242533602,1.0000000000000000,0.0000000167156973,0.0000000000000000,0.0000000000000000,0.0000000000000000,1.0000000000000000
M 0.9846988320350647,-0.1742629855871201,0.0000000056049512,0.0833471119403839,0.1742629855871201,0.9846988320350647,-0.0000000237225208,1.2927507162094116,-0.0000000013852471,0.0000000243363001,1.0000000000000000,0.0000000168136065,0.0000000000000000,0.0000000000000000,0.0000000000000000,1.0000000000000000
M 0.9849258661270142,-0.1729747205972672,0.0000000055628222,0.0833240449428558,0.1729747205972672,0.9849258661270142,-0.0000000237994424,1.2840453386306763,-0.0000000013622931,0.0000000244029525,1.0000000000000000,0.0000000168902012,0.0000000000000000,0.0000000000000000,0.0000000000000000,1.0000000000000000
M 0.9850687980651855,-0.1721591204404831,0.0000000055362914,0.0832988470792770,0.1721591204404831,0.9850687980651855,-0.0000000238486013,1.2785518169403076,-0.0000000013478832,0.0000000244456686,1.0000000000000000,0.0000000169373262,0.0000000000000000,0.0000000000000000,0.0000000000000000,1.0000000000000000
M 0.9851027131080627,-0.1719658374786377,0.0000000056353260,0.0832838416099548,0.1719658374786377,0.9851027131080627,-0.0000000237500934,1.2772588729858398,-0.0000000014671763,0.0000000243653790,1.0000000000000000,0.0000000162493983,0.0000000000000000,0.0000000000000000,0.0000000000000000,1.0000000000000000
M 0.9850387573242188,-0.1723316609859467,0.0000000056479701,0.0832798033952713,0.1723316609859467,0.9850387573242188,-0.0000000237299158,1.2798826694488525,-0.0000000014740650,0.0000000243482230,1.0000000000000000,0.0000000162233196,0.0000000000000000,0.0000000000000000,0.0000000000000000,1.0000000000000000
M 0.9849138259887695,-0.1730452030897141,0.0000000056721614,0.0832830220460892,0.1730452030897141,0.9849138259887695,-0.0000000236893651,1.2850911617279053,-0.0000000014872527,0.0000000243135272,1.0000000000000000,0.0000000161753864,0.0000000000000000,0.0000000000000000,0.0000000000000000,1.0000000000000000
M 0.9847392439842224,-0.1740343570709229,0.0000000057053837,0.0832821726799011,0.1740343570709229,0.9847392439842224,-0.0000000236325128,1.2923058271408081,-0.0000000015054710,0.0000000242648213,1.0000000000000000,0.0000000161100271,0.0000000000000000,0.0000000000000000,0.0000000000000000,1.0000000000000000
M 0.9845280051231384,-0.1752264201641083,0.0000000057452230,0.0832801014184952,0.1752264201641083,0.9845280051231384,-0.0000000235635209,1.3009406328201294,-0.0000000015273948,0.0000000242056721,1.0000000000000000,0.0000000123066197,0.0000000000000000,0.0000000000000000,0.0000000000000000,1.0000000000000000
M 0.9842914342880249,-0.1765493452548981,0.0000000057891585,0.0832660794258118,0.1765493452548981,0.9842914342880249,-0.0000000234864501,1.3104169368743896,-0.0000000015517273,0.0000000241396059,1.0000000000000000,0.0000000122204344,0.0000000000000000,0.0000000000000000,0.0000000000000000,1.0000000000000000
M 0.9840427637100220,-0.1779308170080185,0.0000000058347798,0.0832414180040359,0.1779308170080185,0.9840427637100220,-0.0000000234054660,1.3201547861099243,-0.0000000015771292,0.0000000240701823,1.0000000000000000,0.0000000121309416,0.0000000000000000,0.0000000000000000,0.0000000000000000,1.0000000000000000
M 0.9837915897369385,-0.1793149262666702,0.0000000058802279,0.0832043737173080,0.1793149262666702,0.9837915897369385,-0.0000000233238389,1.3298001289367676,-0.0000000016026128,0.0000000240002276,1.0000000000000000,0.0000000120414878,0.0000000000000000,0.0000000000000000,0.0000000000000000,1.0000000000000000
M 0.9835361242294312,-0.1807103306055069,0.0000000059259708,0.0831519663333893,0.1807103306055069,0.9835361242294312,-0.0000000232415420,1.3394941091537476,-0.0000000016284339,0.0000000239298004,1.0000000000000000,0.0000000119503873,0.0000000000000000,0.0000000000000000,0.0000000000000000,1.0000000000000000
M 0.9832719564437866,-0.1821419596672058,0.0000000059730700,0.0830775052309036,0.1821419596672058,0.9832719564437866,-0.0000000231577015,1.3494026660919189,-0.0000000016551789,0.0000000238582842,1.0000000000000000,0.0000000118544197,0.0000000000000000,0.0000000000000000,0.0000000000000000,1.0000000000000000
M 0.9829943180084229,-0.1836345046758652,0.0000000060225736,0.0829759240150452,0.1836345046758652,0.9829943180084229,-0.0000000230714470,1.3596889972686768,-0.0000000016834585,0.0000000237850735,1.0000000000000000,0.0000000117503518,0.0000000000000000,0.0000000000000000,0.0000000000000000,1.0000000000000000
M 0.9826981425285339,-0.1852131187915802,0.0000000060755285,0.0828345715999603,0.1852131187915802,0.9826981425285339,-0.0000000229818671,1.3705204725265503,-0.0000000017138804,0.0000000237095286,1.0000000000000000,0.0000000116348673,0.0000000000000000,0.0000000000000000,0.0000000000000000,1.0000000000000000
M 0.9823783040046692,-0.1869022250175476,0.0000000061329519,0.0826471298933029,0.1869022250175476,0.9823783040046692,-0.0000000228880950,1.3820599317550659,-0.0000000017470485,0.0000000236310473,1.0000000000000000,0.0000000115047634,0.0000000000000000,0.0000000000000000,0.0000000000000000,1.0000000000000000
M 0.9820293784141541,-0.1887264996767044,0.0000000061958501,0.0823980420827866,0.1887264996767044,0.9820293784141541,-0.0000000227892230,1.3944710493087769,-0.0000000017835917,0.0000000235490276,1.0000000000000000,0.0000000113565708,0.0000000000000000,0.0000000000000000,0.0000000000000000,1.0000000000000000
M 0.9816459417343140,-0.1907112747430801,0.0000000061603442,0.0820796489715576,0.1907112747430801,0.9816459417343140,-0.0000000227954295,1.4079229831695557,-0.0000000016999360,0.0000000235519106,1.0000000000000000,0.0000000118971659,0.0000000000000000,0.0000000000000000,0.0000000000000000,1.0000000000000000
M 0.9810298681259155,-0.1938553154468536,0.0000000062708452,0.0814993083477020,0.1938553154468536,0.9810298681259155,-0.0000000226310704,1.4283807277679443,-0.0000000017647375,0.0000000234174173,1.0000000000000000,0.0000000116224594,0.0000000000000000,0.0000000000000000,0.0000000000000000,1.0000000000000000
M 0.9801865816116333,-0.1980751603841782,0.0000000064184373,0.0806134194135666,0.1980751603841782,0.9801865816116333,-0.0000000224097523,1.4551525115966797,-0.0000000018524540,0.0000000232370994,1.0000000000000000,0.0000000149739954,0.0000000000000000,0.0000000000000000,0.0000000000000000,1.0000000000000000
M 0.9794317483901978,-0.2017743289470673,0.0000000065471397,0.0797355026006699,0.2017743289470673,0.9794317483901978,-0.0000000222150618,1.4784157276153564,-0.0000000019300594,0.0000000230792114,1.0000000000000000,0.0000000146415502,0.0000000000000000,0.0000000000000000,0.0000000000000000,1.0000000000000000
M 0.9791035056114197,-0.2033608108758926,0.0000000063655019,0.0793309211730957,0.2033608108758926,0.9791035056114197,-0.0000000221613838,1.4883511066436768,-0.0000000017257464,0.0000000229928130,1.0000000000000000,0.0000000160636215,0.0000000000000000,0.0000000000000000,0.0000000000000000,1.0000000000000000
M 0.9791035056114197,-0.2033608108758926,0.0000000063655019,0.0793309211730957,0.2033608108758926,0.9791035056114197,-0.0000000221613838,1.4883511066436768,-0.0000000017257464,0.0000000229928130,1.0000000000000000,0.0000000160636215,0.0000000000000000,0.0000000000000000,0.0000000000000000,1.0000000000000000
M 0.9791035056114197,-0.2033608108758926,0.0000000063655019,0.0793309211730957,0.2033608108758926,0.9791035056114197,-0.0000000221613838,1.4883511066436768,-0.0000000017257464,0.0000000229928130,1.0000000000000000,0.0000000160636215,0.0000000000000000,0.0000000000000000,0.0000000000000000,1.0000000000000000
M 0.9791035056114197,-0.2033608108758926,0.0000000063655019,0.0793309211730957,0.2033608108758926,0.9791035056114197,-0.0000000221613838,1.4883511066436768,-0.0000000017257464,0.0000000229928130,1.0000000000000000,0.0000000160636215,0.0000000000000000,0.0000000000000000,0.0000000000000000,1.0000000000000000
M 0.9791035056114197,-0.2033608108758926,0.0000000063655019,0.0793309211730957,0.2033608108758926,0.9791035056114197,-0.0000000221613838,1.4883511066436768,-0.0000000017257464,0.0000000229928130,1.0000000000000000,0.0000000160636215,0.0000000000000000,0.0000000000000000,0.0000000000000000,1.0000000000000000
M 0.9791035056114197,-0.2033608108758926,0.0000000063655019,0.0793309211730957,0.2033608108758926,0.9791035056114197,-0.0000000221613838,1.4883511066436768,-0.0000000017257464,0.0000000229928130,1.0000000000000000,0.0000000160636215,0.0000000000000000,0.0000000000000000,0.0000000000000000,1.0000000000000000
M 0.9791035056114197,-0.2033608108758926,0.0000000063655019,0.0793309211730957,0.2033608108758926,0.9791035056114197,-0.0000000221613838,1.4883511066436768,-0.0000000017257464,0.0000000229928130,1.0000000000000000,0.0000000160636215,0.0000000000000000,0.0000000000000000,0.0000000000000000,1.0000000000000000
M 0.9791035056114197,-0.2033608108758926,0.0000000063655019,0.0793309211730957,0.2033608108758926,0.9791035056114197,-0.0000000221613838,1.4883511066436768,-0.0000000017257464,0.0000000229928130,1.0000000000000000,0.0000000160636215,0.0000000000000000,0.0000000000000000,0.0000000000000000,1.0000000000000000
M 0.9791035056114197,-0.2033608108758926,0.0000000063655019,0.0793309211730957,0.2033608108758926,0.9791035056114197,-0.0000000221613838,1.4883511066436768,-0.0000000017257464,0.0000000229928130,1.0000000000000000,0.0000000160636215,0.0000000000000000,0.0000000000000000,0.0000000000000000,1.0000000000000000
M 0.9791035056114197,-0.2033608108758926,0.0000000063655019,0.0793309211730957,0.2033608108758926,0.9791035056114197,-0.0000000221613838,1.4883511066436768,-0.0000000017257464,0.0000000229928130,1.0000000000000000,0.0000000160636215,0.0000000000000000,0.0000000000000000,0.0000000000000000,1.0000000000000000
M 0.9791035056114197,-0.2033608108758926,0.0000000063655019,0.0793309211730957,0.2033608108758926,0.9791035056114197,-0.0000000221613838,1.4883511066436768,-0.0000000017257464,0.0000000229928130,1.0000000000000000,0.0000000160636215,0.0000000000000000,0.0000000000000000,0.0000000000000000,1.0000000000000000
M 0.9791035056114197,-0.2033608108758926,0.0000000063655019,0.0793309211730957,0.2033608108758926,0.9791035056114197,-0.0000000221613838,1.4883511066436768,-0.0000000017257464,0.0000000229928130,1.0000000000000000,0.0000000160636215,0.0000000000000000,0.0000000000000000,0.0000000000000000,1.0000000000000000
M 0.9791035056114197,-0.2033608108758926,0.0000000063655019,0.0793309211730957,0.2033608108758926,0.9791035056114197,-0.0000000221613838,1.4883511066436768,-0.0000000017257464,0.0000000229928130,1.0000000000000000,0.0000000160636215,0.0000000000000000,0.0000000000000000,0.0000000000000000,1.0000000000000000
M 0.9791035056114197,-0.2033608108758926,0.0000000063655019,0.0793309211730957,0.2033608108758926,0.9791035056114197,-0.0000000221613838,1.4883511066436768,-0.0000000017257464,0.0000000229928130,1.0000000000000000,0.0000000160636215,0.0000000000000000,0.0000000000000000,0.0000000000000000,1.0000000000000000
M 0.9791035056114197,-0.2033608108758926,0.0000000063655019,0.0793309211730957,0.2033608108758926,0.9791035056114197,-0.0000000221613838,1.4883511066436768,-0.0000000017257464,0.0000000229928130,1.0000000000000000,0.0000000160636215,0.0000000000000000,0.0000000000000000,0.0000000000000000,1.0000000000000000
M 0.9791035056114197,-0.2033608108758926,0.0000000063655019,0.0793309211730957,0.2033608108758926,0.9791035056114197,-0.0000000221613838,1.4883511066436768,-0.0000000017257464,0.0000000229928130,1.0000000000000000,0.0000000160636215,0.0000000000000000,0.0000000000000000,0.0000000000000000,1.0000000000000000
M 0.9791035056114197,-0.2033608108758926,0.0000000063655019,0.0793309211730957,0.2033608108758926,0.9791035056114197,-0.0000000221613838,1.4883511066436768,-0.0000000017257464,0.0000000229928130,1.0000000000000000,0.0000000160636215,0.0000000000000000,0.0000000000000000,0.0000000000000000,1.0000000000000000
M 0.9791035056114197,-0.2033608108758926,0.0000000063655019,0.0793309211730957,0.2033608108758926,0.9791035056114197,-0.0000000221613838,1.4883511066436768,-0.0000000017257464,0.0000000229928130,1.0000000000000000,0.0000000160636215,0.0000000000000000,0.0000000000000000,0.0000000000000000,1.0000000000000000
M 0.9791035056114197,-0.2033608108758926,0.0000000063655019,0.0793309211730957,0.2033608108758926,0.9791035056114197,-0.0000000221613838,1.4883511066436768,-0.0000000017257464,0.0000000229928130,1.0000000000000000,0.0000000160636215,0.0000000000000000,0.0000000000000000,0.0000000000000000,1.0000000000000000
M 0.9791035056114197,-0.2033608108758926,0.0000000063655019,0.0793309211730957,0.2033608108758926,0.9791035056114197,-0.0000000221613838,1.4883511066436768,-0.0000000017257464,0.0000000229928130,1.0000000000000000,0.0000000160636215,0.0000000000000000,0.0000000000000000,0.0000000000000000,1.0000000000000000
M 0.9791035056114197,-0.2033608108758926,0.0000000063655019,0.0793309211730957,0.2033608108758926,0.9791035056114197,-0.0000000221613838,1.4883511066436768,-0.0000000017257464,0.0000000229928130,1.0000000000000000,0.0000000160636215,0.0000000000000000,0.0000000000000000,0.0000000000000000,1.0000000000000000
M 0.9791035056114197,-0.2033608108758926,0.0000000063655019,0.0793309211730957,0.2033608108758926,0.9791035056114197,-0.0000000221613838,1.4883511066436768,-0.0000000017257464,0.0000000229928130,1.0000000000000000,0.0000000160636215,0.0000000000000000,0.0000000000000000,0.0000000000000000,1.0000000000000000
M 0.9791035056114197,-0.2033608108758926,0.0000000063655019,0.0793309211730957,0.2033608108758926,0.9791035056114197,-0.0000000221613838,1.4883511066436768,-0.0000000017257464,0.0000000229928130,1.0000000000000000,0.0000000160636215,0.0000000000000000,0.0000000000000000,0.0000000000000000,1.0000000000000000
M 0.9791035056114197,-0.2033608108758926,0.0000000063655019,0.0793309211730957,0.2033608108758926,0.9791035056114197,-0.0000000221613838,1.4883511066436768,-0.0000000017257464,0.0000000229928130,1.0000000000000000,0.0000000160636215,0.0000000000000000,0.0000000000000000,0.0000000000000000,1.0000000000000000
M 0.9791035056114197,-0.2033608108758926,0.0000000063655019,0.0793309211730957,0.2033608108758926,0.9791035056114197,-0.0000000221613838,1.4883511066436768,-0.0000000017257464,0.0000000229928130,1.0000000000000000,0.0000000160636215,0.0000000000000000,0.0000000000000000,0.0000000000000000,1.0000000000000000
M 0.9791035056114197,-0.2033608108758926,0.0000000063655019,0.0793309211730957,0.2033608108758926,0.9791035056114197,-0.0000000221613838,1.4883511066436768,-0.0000000017257464,0.0000000229928130,1.0000000000000000,0.0000000160636215,0.0000000000000000,0.0000000000000000,0.0000000000000000,1.0000000000000000
M 0.9791035056114197,-0.2033608108758926,0.0000000063655019,0.0793309211730957,0.2033608108758926,0.9791035056114197,-0.0000000221613838,1.4883511066436768,-0.0000000017257464,0.0000000229928130,1.0000000000000000,0.0000000160636215,0.0000000000000000,0.0000000000000000,0.0000000000000000,1.0000000000000000
M 0.9791035056114197,-0.2033608108758926,0.0000000063655019,0.0793309211730957,0.2033608108758926,0.9791035056114197,-0.0000000221613838,1.4883511066436768,-0.0000000017257464,0.0000000229928130,1.0000000000000000,0.0000000160636215,0.0000000000000000,0.0000000000000000,0.0000000000000000,1.0000000000000000
M 0.9791035056114197,-0.2033608108758926,0.0000000063655019,0.0793309211730957,0.2033608108758926,0.9791035056114197,-0.0000000221613838,1.4883511066436768,-0.0000000017257464,0.0000000229928130,1.0000000000000000,0.0000000160636215,0.0000000000000000,0.0000000000000000,0.0000000000000000,1.0000000000000000
M 0.9791035056114197,-0.2033608108758926,0.0000000063655019,0.0793309211730957,0.2033608108758926,0.9791035056114197,-0.0000000221613838,1.4883511066436768,-0.0000000017257464,0.0000000229928130,1.0000000000000000,0.0000000160636215,0.0000000000000000,0.0000000000000000,0.0000000000000000,1.0000000000000000
M 0.9791035056114197,-0.2033608108758926,0.0000000063655019,0.0793309211730957,0.2033608108758926,0.9791035056114197,-0.0000000221613838,1.4883511066436768,-0.0000000017257464,0.0000000229928130,1.0000000000000000,0.0000000160636215,0.0000000000000000,0.0000000000000000,0.0000000000000000,1.0000000000000000
M 0.9791035056114197,-0.2033608108758926,0.0000000063655019,0.0793309211730957,0.2033608108758926,0.9791035056114197,-0.0000000221613838,1.4883511066436768,-0.0000000017257464,0.0000000229928130,1.0000000000000000,0.0000000160636215,0.0000000000000000,0.0000000000000000,0.0000000000000000,1.0000000000000000
M 0.9791035056114197,-0.2033608108758926,0.0000000063655019,0.0793309211730957,0.2033608108758926,0.9791035056114197,-0.0000000221613838,1.4883511066436768,-0.0000000017257464,0.0000000229928130,1.0000000000000000,0.0000000160636215,0.0000000000000000,0.0000000000000000,0.0000000000000000,1.0000000000000000
M 0.9791035056114197,-0.2033608108758926,0.0000000063655019,0.0793309211730957,0.2033608108758926,0.9791035056114197,-0.0000000221613838,1.4883511066436768,-0.0000000017257464,0.0000000229928130,1.0000000000000000,0.0000000160636215,0.0000000000000000,0.0000000000000000,0.0000000000000000,1.0000000000000000
M 0.9791035056114197,-0.2033608108758926,0.0000000063655019,0.0793309211730957,0.2033608108758926,0.9791035056114197,-0.0000000221613838,1.4883511066436768,-0.0000000017257464,0.0000000229928130,1.0000000000000000,0.0000000160636215,0.0000000000000000,0.0000000000000000,0.0000000000000000,1.0000000000000000
M 0.9791035056114197,-0.2033608108758926,0.0000000063655019,0.0793309211730957,0.2033608108758926,0.9791035056114197,-0.0000000221613838,1.4883511066436768,-0.0000000017257464,0.0000000229928130,1.0000000000000000,0.0000000160636215,0.0000000000000000,0.0000000000000000,0.0000000000000000,1.0000000000000000
M 0.9791035056114197,-0.2033608108758926,0.0000000063655019,0.0793309211730957,0.2033608108758926,0.9791035056114197,-0.0000000221613838,1.4883511066436768,-0.0000000017257464,0.0000000229928130,1.0000000000000000,0.0000000160636215,0.0000000000000000,0.0000000000000000,0.0000000000000000,1.0000000000000000
M 0.9791035056114197,-0.2033608108758926,0.0000000063655019,0.0793309211730957,0.2033608108758926,0.9791035056114197,-0.0000000221613838,1.4883511066436768,-0.0000000017257464,0.0000000229928130,1.0000000000000000,0.0000000160636215,0.0000000000000000,0.0000000000000000,0.0000000000000000,1.0000000000000000
M 0.9791035056114197,-0.2033608108758926,0.0000000063655019,0.0793309211730957,0.2033608108758926,0.9791035056114197,-0.0000000221613838,1.4883511066436768,-0.0000000017257464,0.0000000229928130,1.0000000000000000,0.0000000160636215,0.0000000000000000,0.0000000000000000,0.0000000000000000,1.0000000000000000
M 0.9791035056114197,-0.2033608108758926,0.0000000063655019,0.0793309211730957,0.2033608108758926,0.9791035056114197,-0.0000000221613838,1.4883511066436768,-0.0000000017257464,0.0000000229928130,1.0000000000000000,0.0000000160636215,0.0000000000000000,0.0000000000000000,0.0000000000000000,1.0000000000000000
M 0.9791035056114197,-0.2033608108758926,0.0000000063655019,0.0793309211730957,0.2033608108758926,0.9791035056114197,-0.0000000221613838,1.4883511066436768,-0.0000000017257464,0.0000000229928130,1.0000000000000000,0.0000000160636215,0.0000000000000000,0.0000000000000000,0.0000000000000000,1.0000000000000000
M 0.9791035056114197,-0.2033608108758926,0.0000000063655019,0.0793309211730957,0.2033608108758926,0.9791035056114197,-0.0000000221613838,1.4883511066436768,-0.0000000017257464,0.0000000229928130,1.0000000000000000,0.0000000160636215,0.0000000000000000,0.0000000000000000,0.0000000000000000,1.0000000000000000
M 0.9791035056114197,-0.2033608108758926,0.0000000063655019,0.0793309211730957,0.2033608108758926,0.9791035056114197,-0.0000000221613838,1.4883511066436768,-0.0000000017257464,0.0000000229928130,1.0000000000000000,0.0000000160636215,0.0000000000000000,0.0000000000000000,0.0000000000000000,1.0000000000000000
M 0.9791035056114197,-0.2033608108758926,0.0000000063655019,0.0793309211730957,0.2033608108758926,0.9791035056114197,-0.0000000221613838,1.4883511066436768,-0.0000000017257464,0.0000000229928130,1.0000000000000000,0.0000000160636215,0.0000000000000000,0.0000000000000000,0.0000000000000000,1.0000000000000000
M 0.9791035056114197,-0.2033608108758926,0.0000000063655019,0.0793309211730957,0.2033608108758926,0.9791035056114197,-0.0000000221613838,1.4883511066436768,-0.0000000017257464,0.0000000229928130,1.0000000000000000,0.0000000160636215,0.0000000000000000,0.0000000000000000,0.0000000000000000,1.0000000000000000
M 0.9791035056114197,-0.2033608108758926,0.0000000063655019,0.0793309211730957,0.2033608108758926,0.9791035056114197,-0.0000000221613838,1.4883511066436768,-0.0000000017257464,0.0000000229928130,1.0000000000000000,0.0000000160636215,0.0000000000000000,0.0000000000000000,0.0000000000000000,1.0000000000000000
M 0.9791035056114197,-0.2033608108758926,0.0000000063655019,0.0793309211730957,0.2033608108758926,0.9791035056114197,-0.0000000221613838,1.4883511066436768,-0.0000000017257464,0.0000000229928130,1.0000000000000000,0.0000000160636215,0.0000000000000000,0.0000000000000000,0.0000000000000000,1.0000000000000000
M 0.9791035056114197,-0.2033608108758926,0.0000000063655019,0.0793309211730957,0.2033608108758926,0.9791035056114197,-0.0000000221613838,1.4883511066436768,-0.0000000017257464,0.0000000229928130,1.0000000000000000,0.0000000160636215,0.0000000000000000,0.0000000000000000,0.0000000000000000,1.0000000000000000
M 0.9791035056114197,-0.2033608108758926,0.0000000063655019,0.0793309211730957,0.2033608108758926,0.9791035056114197,-0.0000000221613838,1.4883511066436768,-0.0000000017257464,0.0000000229928130,1.0000000000000000,0.0000000160636215,0.0000000000000000,0.0000000000000000,0.0000000000000000,1.0000000000000000
M 0.9791035056114197,-0.2033608108758926,0.0000000063655019,0.0793309211730957,0.2033608108758926,0.9791035056114197,-0.0000000221613838,1.4883511066436768,-0.0000000017257464,0.0000000229928130,1.0000000000000000,0.0000000160636215,0.0000000000000000,0.0000000000000000,0.0000000000000000,1.0000000000000000
M 0.9791035056114197,-0.2033608108758926,0.0000000063655019,0.0793309211730957,0.2033608108758926,0.9791035056114197,-0.0000000221613838,1.4883511066436768,-0.0000000017257464,0.0000000229928130,1.0000000000000000,0.0000000160636215,0.0000000000000000,0.0000000000000000,0.0000000000000000,1.0000000000000000
M 0.9791035056114197,-0.2033608108758926,0.0000000063655019,0.0793309211730957,0.2033608108758926,0.9791035056114197,-0.0000000221613838,1.4883511066436768,-0.0000000017257464,0.0000000229928130,1.0000000000000000,0.0000000160636215,0.0000000000000000,0.0000000000000000,0.0000000000000000,1.0000000000000000
M 0.9791035056114197,-0.2033608108758926,0.0000000063655019,0.0793309211730957,0.2033608108758926,0.9791035056114197,-0.0000000221613838,1.4883511066436768,-0.0000000017257464,0.0000000229928130,1.0000000000000000,0.0000000160636215,0.0000000000000000,0.0000000000000000,0.0000000000000000,1.0000000000000000
M 0.9791035056114197,-0.2033608108758926,0.0000000063655019,0.0793309211730957,0.2033608108758926,0.9791035056114197,-0.0000000221613838,1.4883511066436768,-0.0000000017257464,0.0000000229928130,1.0000000000000000,0.0000000160636215,0.0000000000000000,0.0000000000000000,0.0000000000000000,1.0000000000000000
M 0.9791035056114197,-0.2033608108758926,0.0000000063655019,0.0793309211730957,0.2033608108758926,0.9791035056114197,-0.0000000221613838,1.4883511066436768,-0.0000000017257464,0.0000000229928130,1.0000000000000000,0.0000000160636215,0.0000000000000000,0.0000000000000000,0.0000000000000000,1.0000000000000000
M 0.9791035056114197,-0.2033608108758926,0.0000000063655019,0.0793309211730957,0.2033608108758926,0.9791035056114197,-0.0000000221613838,1.4883511066436768,-0.0000000017257464,0.0000000229928130,1.0000000000000000,0.0000000160636215,0.0000000000000000,0.0000000000000000,0.0000000000000000,1.0000000000000000
M 0.9791035056114197,-0.2033608108758926,0.0000000063655019,0.0793309211730957,0.2033608108758926,0.9791035056114197,-0.0000000221613838,1.4883511066436768,-0.0000000017257464,0.0000000229928130,1.0000000000000000,0.0000000160636215,0.0000000000000000,0.0000000000000000,0.0000000000000000,1.0000000000000000
M 0.9791035056114197,-0.2033608108758926,0.0000000063655019,0.0793309211730957,0.2033608108758926,0.9791035056114197,-0.0000000221613838,1.4883511066436768,-0.0000000017257464,0.0000000229928130,1.0000000000000000,0.0000000160636215,0.0000000000000000,0.0000000000000000,0.0000000000000000,1.0000000000000000
M 0.9791035056114197,-0.2033608108758926,0.0000000063655019,0.0793309211730957,0.2033608108758926,0.9791035056114197,-0.0000000221613838,1.4883511066436768,-0.0000000017257464,0.0000000229928130,1.0000000000000000,0.0000000160636215,0.0000000000000000,0.0000000000000000,0.0000000000000000,1.0000000000000000
M 0.9791035056114197,-0.2033608108758926,0.0000000063655019,0.0793309211730957,0.2033608108758926,0.9791035056114197,-0.0000000221613838,1.4883511066436768,-0.0000000017257464,0.0000000229928130,1.0000000000000000,0.0000000160636215,0.0000000000000000,0.0000000000000000,0.0000000000000000,1.0000000000000000
M 0.9791035056114197,-0.2033608108758926,0.0000000063655019,0.0793309211730957,0.2033608108758926,0.9791035056114197,-0.0000000221613838,1.4883511066436768,-0.0000000017257464,0.0000000229928130,1.0000000000000000,0.0000000160636215,0.0000000000000000,0.0000000000000000,0.0000000000000000,1.0000000000000000
M 0.9791035056114197,-0.2033608108758926,0.0000000063655019,0.0793309211730957,0.2033608108758926,0.9791035056114197,-0.0000000221613838,1.4883511066436768,-0.0000000017257464,0.0000000229928130,1.0000000000000000,0.0000000160636215,0.0000000000000000,0.0000000000000000,0.0000000000000000,1.0000000000000000
M 0.9791035056114197,-0.2033608108758926,0.0000000063655019,0.0793309211730957,0.2033608108758926,0.9791035056114197,-0.0000000221613838,1.4883511066436768,-0.0000000017257464,0.0000000229928130,1.0000000000000000,0.0000000160636215,0.0000000000000000,0.0000000000000000,0.0000000000000000,1.0000000000000000
M 0.9791035056114197,-0.2033608108758926,0.0000000063655019,0.0793309211730957,0.2033608108758926,0.9791035056114197,-0.0000000221613838,1.4883511066436768,-0.0000000017257464,0.0000000229928130,1.0000000000000000,0.0000000160636215,0.0000000000000000,0.0000000000000000,0.0000000000000000,1.0000000000000000
M 0.9791035056114197,-0.2033608108758926,0.0000000063655019,0.0793309211730957,0.2033608108758926,0.9791035056114197,-0.0000000221613838,1.4883511066436768,-0.0000000017257464,0.0000000229928130,1.0000000000000000,0.0000000160636215,0.0000000000000000,0.0000000000000000,0.0000000000000000,1.0000000000000000
M 0.9791035056114197,-0.2033608108758926,0.0000000063655019,0.0793309211730957,0.2033608108758926,0.9791035056114197,-0.0000000221613838,1.4883511066436768,-0.0000000017257464,0.0000000229928130,1.0000000000000000,0.0000000160636215,0.0000000000000000,0.0000000000000000,0.0000000000000000,1.0000000000000000
M 0.9791035056114197,-0.2033608108758926,0.0000000063655019,0.0793309211730957,0.2033608108758926,0.9791035056114197,-0.0000000221613838,1.4883511066436768,-0.0000000017257464,0.0000000229928130,1.0000000000000000,0.0000000160636215,0.0000000000000000,0.0000000000000000,0.0000000000000000,1.0000000000000000
M 0.9791035056114197,-0.2033608108758926,0.0000000063655019,0.0793309211730957,0.2033608108758926,0.9791035056114197,-0.0000000221613838,1.4883511066436768,-0.0000000017257464,0.0000000229928130,1.0000000000000000,0.0000000160636215,0.0000000000000000,0.0000000000000000,0.0000000000000000,1.0000000000000000
M 0.9791035056114197,-0.2033608108758926,0.0000000063655019,0.0793309211730957,0.2033608108758926,0.9791035056114197,-0.0000000221613838,1.4883511066436768,-0.0000000017257464,0.0000000229928130,1.0000000000000000,0.0000000160636215,0.0000000000000000,0.0000000000000000,0.0000000000000000,1.0000000000000000
M 0.9791035056114197,-0.2033608108758926,0.0000000063655019,0.0793309211730957,0.2033608108758926,0.9791035056114197,-0.0000000221613838,1.4883511066436768,-0.0000000017257464,0.0000000229928130,1.0000000000000000,0.0000000160636215,0.0000000000000000,0.0000000000000000,0.0000000000000000,1.0000000000000000
M 0.9791035056114197,-0.2033608108758926,0.0000000063655019,0.0793309211730957,0.2033608108758926,0.9791035056114197,-0.0000000221613838,1.4883511066436768,-0.0000000017257464,0.0000000229928130,1.0000000000000000,0.0000000160636215,0.0000000000000000,0.0000000000000000,0.0000000000000000,1.0000000000000000
M 0.9791035056114197,-0.2033608108758926,0.0000000063655019,0.0793309211730957,0.2033608108758926,0.9791035056114197,-0.0000000221613838,1.4883511066436768,-0.0000000017257464,0.0000000229928130,1.0000000000000000,0.0000000160636215,0.0000000000000000,0.0000000000000000,0.0000000000000000,1.0000000000000000
M 0.9791035056114197,-0.2033608108758926,0.0000000063655019,0.0793309211730957,0.2033608108758926,0.9791035056114197,-0.0000000221613838,1.4883511066436768,-0.0000000017257464,0.0000000229928130,1.0000000000000000,0.0000000160636215,0.0000000000000000,0.0000000000000000,0.0000000000000000,1.0000000000000000
M 0.9791035056114197,-0.2033608108758926,0.0000000063655019,0.0793309211730957,0.2033608108758926,0.9791035056114197,-0.0000000221613838,1.4883511066436768,-0.0000000017257464,0.0000000229928130,1.0000000000000000,0.0000000160636215,0.0000000000000000,0.0000000000000000,0.0000000000000000,1.0000000000000000
M 0.9791035056114197,-0.2033608108758926,0.0000000063655019,0.0793309211730957,0.2033608108758926,0.9791035056114197,-0.0000000221613838,1.4883511066436768,-0.0000000017257464,0.0000000229928130,1.0000000000000000,0.0000000160636215,0.0000000000000000,0.0000000000000000,0.0000000000000000,1.0000000000000000
M 0.9791035056114197,-0.2033608108758926,0.0000000063655019,0.0793309211730957,0.2033608108758926,0.9791035056114197,-0.0000000221613838,1.4883511066436768,-0.0000000017257464,0.0000000229928130,1.0000000000000000,0.0000000160636215,0.0000000000000000,0.0000000000000000,0.0000000000000000,1.0000000000000000
