O WIDGET_125
A WIDGET_125_WIDGET_125
M 1.0000000000000000,0.0000000000000000,0.0000000000000036,0.0000000843295140,0.0000000000000000,1.0000000000000000,-0.0000000437113883,-0.0000000138797986,-0.0000000000000036,0.0000000437113883,1.0000000000000000,-0.0000000027345131,0.0000000000000000,0.0000000000000000,0.0000000000000000,1.0000000000000000
M 1.0000000000000000,0.0000000000000000,0.0000000000000036,0.0000000843295140,0.0000000000000000,1.0000000000000000,-0.0000000437113883,-0.0000000138797986,-0.0000000000000036,0.0000000437113883,1.0000000000000000,-0.0000000027345131,0.0000000000000000,0.0000000000000000,0.0000000000000000,1.0000000000000000
M 0.9999994039535522,0.0009557885350659,-0.0000000000415905,-0.0004677032120526,-0.0009557885350659,0.9999994039535522,-0.0000000437323031,0.0064274193719029,-0.0000000000001954,0.0000000437323173,1.0000000000000000,-0.0000000027560578,0.0000000000000000,0.0000000000000000,0.0000000000000000,1.0000000000000000
M 0.9999929070472717,0.0037190152797848,-0.0000000001597709,-0.0018220215570182,-0.0037190152797848,0.9999929070472717,-0.0000000437921948,0.0250469110906124,-0.0000000000030909,0.0000000437925110,1.0000000000000000,-0.0000000028027987,0.0000000000000000,0.0000000000000000,0.0000000000000000,1.0000000000000000
M 0.9999670982360840,0.0081342235207558,-0.0000000003422497,-0.0039765327237546,-0.0081342235207558,0.9999670982360840,-0.0000000438864447,0.0549115687608719,-0.0000000000147544,0.0000000438877663,1.0000000000000000,-0.0000000028307117,0.0000000000000000,0.0000000000000000,0.0000000000000000,1.0000000000000000
M 0.9999012351036072,0.0140457348898053,-0.0000000005743706,-0.0068355989642441,-0.0140457348898053,0.9999012351036072,-0.0000000440097345,0.0951190814375877,-0.0000000000438405,0.0000000440134471,1.0000000000000000,-0.0000000027785578,0.0000000000000000,0.0000000000000000,0.0000000000000000,1.0000000000000000
M 0.9997730255126953,0.0212978869676590,-0.0000000008402629,-0.0103145632892847,-0.0212978869676590,0.9997730255126953,-0.0000000441561845,0.1447876095771790,-0.0000000001003429,0.0000000441640751,1.0000000000000000,-0.0000000025753690,0.0000000000000000,0.0000000000000000,0.0000000000000000,1.0000000000000000
M 0.9995576143264771,0.0297335162758827,-0.0000000011236491,-0.0143171232193708,-0.0297335162758827,0.9995576143264771,-0.0000000443192505,0.2030326128005981,-0.0000000001945999,0.0000000443330812,1.0000000000000000,-0.0000000021467748,0.0000000000000000,0.0000000000000000,0.0000000000000000,1.0000000000000000
M 0.9992313385009766,0.0391964614391327,-0.0000000014088782,-0.0187585670500994,-0.0391964614391327,0.9992313385009766,-0.0000000444916175,0.2689655721187592,-0.0000000003361081,0.0000000445126496,1.0000000000000000,-0.0000000051478763,0.0000000000000000,0.0000000000000000,0.0000000000000000,1.0000000000000000
M 0.9987726807594299,0.0495294407010078,-0.0000000016815720,-0.0235476922243834,-0.0495294407010078,0.9987726807594299,-0.0000000446653665,0.3416661024093628,-0.0000000005327543,0.0000000446938380,1.0000000000000000,-0.0000000077923437,0.0000000000000000,0.0000000000000000,0.0000000000000000,1.0000000000000000
M 0.9981635212898254,0.0605746433138847,-0.0000000019292794,-0.0286008547991514,-0.0605746433138847,0.9981635212898254,-0.0000000448322872,0.4201733469963074,-0.0000000007899531,0.0000000448668409,1.0000000000000000,-0.0000000063090262,0.0000000000000000,0.0000000000000000,0.0000000000000000,1.0000000000000000
M 0.9973917007446289,0.0721745267510414,-0.0000000021421334,-0.0338327772915363,-0.0721745267510414,0.9973917007446289,-0.0000000449841373,0.5034819841384888,-0.0000000011101414,0.0000000450214444,1.0000000000000000,-0.0000000043962820,0.0000000000000000,0.0000000000000000,0.0000000000000000,1.0000000000000000
M 0.9964509606361389,0.0841712877154350,-0.0000000023130582,-0.0391550473868847,-0.0841712877154350,0.9964509606361389,-0.0000000451130937,0.5905318260192871,-0.0000000014923601,0.0000000451477185,1.0000000000000000,0.0000000016758268,0.0000000000000000,0.0000000000000000,0.0000000000000000,1.0000000000000000
M 0.9953417778015137,0.0964072346687317,-0.0000000024380635,-0.0444812737405300,-0.0964072346687317,0.9953417778015137,-0.0000000452122286,0.6802073121070862,-0.0000000019320689,0.0000000452366749,1.0000000000000000,0.0000000044369450,0.0000000000000000,0.0000000000000000,0.0000000000000000,1.0000000000000000
M 0.9940717220306396,0.1087249517440796,-0.0000000025161948,-0.0497153587639332,-0.1087249517440796,0.9940717220306396,-0.0000000452759217,0.7713375091552734,-0.0000000024213309,0.0000000452811015,1.0000000000000000,0.0000000112939276,0.0000000000000000,0.0000000000000000,0.0000000000000000,1.0000000000000000
M 0.9926564693450928,0.1209673285484314,-0.0000000025494664,-0.0547615401446819,-0.1209673285484314,0.9926564693450928,-0.0000000453004212,0.8627002239227295,-0.0000000029491185,0.0000000452761526,1.0000000000000000,0.0000000110044978,0.0000000000000000,0.0000000000000000,0.0000000000000000,1.0000000000000000
M 0.9911187887191772,0.1329797059297562,-0.0000000025425857,-0.0595262311398983,-0.1329797059297562,0.9911187887191772,-0.0000000452839828,0.9530413150787354,-0.0000000035018355,0.0000000452199203,1.0000000000000000,0.0000000146582746,0.0000000000000000,0.0000000000000000,0.0000000000000000,1.0000000000000000
M 0.9894892573356628,0.1446068733930588,-0.0000000025025138,-0.0639200210571289,-0.1446068733930588,0.9894892573356628,-0.0000000452272886,1.0410628318786621,-0.0000000040639705,0.0000000451137865,1.0000000000000000,0.0000000147022963,0.0000000000000000,0.0000000000000000,0.0000000000000000,1.0000000000000000
M 0.9878050684928894,0.1556948125362396,-0.0000000024379654,-0.0678571909666061,-0.1556948125362396,0.9878050684928894,-0.0000000451334294,1.1254444122314453,-0.0000000046188084,0.0000000449626185,1.0000000000000000,0.0000000184732496,0.0000000000000000,0.0000000000000000,0.0000000000000000,1.0000000000000000
M 0.9861101508140564,0.1660923063755035,-0.0000000023590072,-0.0712717771530151,-0.1660923063755035,0.9861101508140564,-0.0000000450077522,1.2048631906509399,-0.0000000051492002,0.0000000447744064,1.0000000000000000,0.0000000221256418,0.0000000000000000,0.0000000000000000,0.0000000000000000,1.0000000000000000
M 0.9844530224800110,0.1756485104560852,-0.0000000022764044,-0.0741029381752014,-0.1756485104560852,0.9844530224800110,-0.0000000448576145,1.2779890298843384,-0.0000000056381531,0.0000000445600463,1.0000000000000000,0.0000000218118732,0.0000000000000000,0.0000000000000000,0.0000000000000000,1.0000000000000000
M 0.9828860759735107,0.1842135787010193,-0.0000000022011704,-0.0763090848922729,-0.1842135787010193,0.9828860759735107,-0.0000000446919088,1.3434964418411255,-0.0000000060693424,0.0000000443325554,1.0000000000000000,0.0000000285875270,0.0000000000000000,0.0000000000000000,0.0000000000000000,1.0000000000000000
M 0.9814656972885132,0.1916381120681763,-0.0000000021440996,-0.0778734087944031,-0.1916381120681763,0.9814656972885132,-0.0000000445205508,1.4000685214996338,-0.0000000064274737,0.0000000441062866,1.0000000000000000,0.0000000311617221,0.0000000000000000,0.0000000000000000,0.0000000000000000,1.0000000000000000
M 0.9802470207214355,0.1977759152650833,-0.0000000021153919,-0.0787864327430725,-0.1977759152650833,0.9802470207214355,-0.0000000443533743,1.4464255571365356,-0.0000000066984072,0.0000000438956640,1.0000000000000000,0.0000000331520944,0.0000000000000000,0.0000000000000000,0.0000000000000000,1.0000000000000000
M 0.9792867898941040,0.2024775594472885,0.0000000003225678,-0.0790656507015228,-0.2024775594472885,0.9792867898941040,-0.0000000492846048,1.4812797307968140,-0.0000000102949116,0.0000000481984550,1.0000000000000000,0.0000000555676003,0.0000000000000000,0.0000000000000000,0.0000000000000000,1.0000000000000000
M 0.9791035056114197,0.2033608108758926,-0.0000000095860404,-0.0793309211730957,-0.2033608108758926,0.9791035056114197,-0.0000000456562006,1.4883511066436768,0.0000000001010638,0.0000000466516106,1.0000000000000000,-0.0000000103189279,0.0000000000000000,0.0000000000000000,0.0000000000000000,1.0000000000000000
M 0.9801031351089478,0.1984880566596985,-0.0000000094156603,-0.0804975777864456,-0.1984880566596985,0.9801031351089478,-0.0000000459103084,1.4558784961700439,0.0000000001156832,0.0000000468657539,1.0000000000000000,-0.0000000069218760,0.0000000000000000,0.0000000000000000,0.0000000000000000,1.0000000000000000
M 0.9811866283416748,0.1930605024099350,-0.0000000092228518,-0.0815663784742355,-0.1930605024099350,0.9811866283416748,-0.0000000461879068,1.4199469089508057,0.0000000001322886,0.0000000470995509,1.0000000000000000,-0.0000000072844184,0.0000000000000000,0.0000000000000000,0.0000000000000000,1.0000000000000000
M 0.9822486042976379,0.1875827610492706,-0.0000000090255368,-0.0824117362499237,-0.1875827610492706,0.9822486042976379,-0.0000000464634340,1.3834431171417236,0.0000000001495974,0.0000000473316994,1.0000000000000000,-0.0000000076497448,0.0000000000000000,0.0000000000000000,0.0000000000000000,1.0000000000000000
M 0.9831947088241577,0.1825598478317261,-0.0000000088421412,-0.0829771012067795,-0.1825598478317261,0.9831947088241577,-0.0000000467117935,1.3494454622268677,0.0000000001658510,0.0000000475410182,1.0000000000000000,-0.0000000079833846,0.0000000000000000,0.0000000000000000,0.0000000000000000,1.0000000000000000
M 0.9839414358139038,0.1784907430410385,-0.0000000086912753,-0.0832728296518326,-0.1784907430410385,0.9839414358139038,-0.0000000469086316,1.3216049671173096,0.0000000001789570,0.0000000477066813,1.0000000000000000,-0.0000000082489855,0.0000000000000000,0.0000000000000000,0.0000000000000000,1.0000000000000000
M 0.9844124317169189,0.1758745163679123,-0.0000000083550278,-0.0833570063114166,-0.1758745163679123,0.9844124317169189,-0.0000000470580446,1.3036805391311646,-0.0000000000515076,0.0000000477939750,1.0000000000000000,-0.0000000068460935,0.0000000000000000,0.0000000000000000,0.0000000000000000,1.0000000000000000
M 0.9846988320350647,0.1742629855871201,-0.0000000082919325,-0.0833471119403839,-0.1742629855871201,0.9846988320350647,-0.0000000471280330,1.2927507162094116,-0.0000000000476031,0.0000000478519340,1.0000000000000000,-0.0000000069345933,0.0000000000000000,0.0000000000000000,0.0000000000000000,1.0000000000000000
M 0.9849258661270142,0.1729747205972672,-0.0000000082412877,-0.0833240449428558,-0.1729747205972672,0.9849258661270142,-0.0000000471835797,1.2840453386306763,-0.0000000000444767,0.0000000478979061,1.0000000000000000,-0.0000000032796930,0.0000000000000000,0.0000000000000000,0.0000000000000000,1.0000000000000000
M 0.9850687980651855,0.1721591204404831,-0.0000000082090192,-0.0832988470792770,-0.1721591204404831,0.9850687980651855,-0.0000000472182222,1.2785518169403076,-0.0000000000425867,0.0000000479264948,1.0000000000000000,-0.0000000033231093,0.0000000000000000,0.0000000000000000,0.0000000000000000,1.0000000000000000
M 0.9851027131080627,0.1719658374786377,-0.0000000080960385,-0.0832838416099548,-0.1719658374786377,0.9851027131080627,-0.0000000473365915,1.2772588729858398,-0.0000000001648320,0.0000000480236757,1.0000000000000000,-0.0000000100849702,0.0000000000000000,0.0000000000000000,0.0000000000000000,1.0000000000000000
M 0.9850387573242188,0.1723316609859467,-0.0000000081097804,-0.0832798033952713,-0.1723316609859467,0.9850387573242188,-0.0000000473191974,1.2798826694488525,-0.0000000001661252,0.0000000480088431,1.0000000000000000,-0.0000000100604058,0.0000000000000000,0.0000000000000000,0.0000000000000000,1.0000000000000000
M 0.9849138259887695,0.1730452030897141,-0.0000000081370555,-0.0832830220460892,-0.1730452030897141,0.9849138259887695,-0.0000000472864450,1.2850911617279053,-0.0000000001683918,0.0000000479811639,1.0000000000000000,-0.0000000062902452,0.0000000000000000,0.0000000000000000,0.0000000000000000,1.0000000000000000
M 0.9847392439842224,0.1740343570709229,-0.0000000081750349,-0.0832821726799011,-0.1740343570709229,0.9847392439842224,-0.0000000472415600,1.2923058271408081,-0.0000000001713548,0.0000000479433915,1.0000000000000000,-0.0000000062298406,0.0000000000000000,0.0000000000000000,0.0000000000000000,1.0000000000000000
M 0.9845280051231384,0.1752264201641083,-0.0000000082209457,-0.0832801014184952,-0.1752264201641083,0.9845280051231384,-0.0000000471878714,1.3009406328201294,-0.0000000001747903,0.0000000478983324,1.0000000000000000,-0.0000000061584244,0.0000000000000000,0.0000000000000000,0.0000000000000000,1.0000000000000000
M 0.9842914342880249,0.1765493452548981,-0.0000000082719867,-0.0832660794258118,-0.1765493452548981,0.9842914342880249,-0.0000000471286050,1.3104169368743896,-0.0000000001784567,0.0000000478487330,1.0000000000000000,-0.0000000060805903,0.0000000000000000,0.0000000000000000,0.0000000000000000,1.0000000000000000
M 0.9840427637100220,0.1779308170080185,-0.0000000083253919,-0.0832414180040359,-0.1779308170080185,0.9840427637100220,-0.0000000470670827,1.3201547861099243,-0.0000000001821266,0.0000000477973892,1.0000000000000000,-0.0000000060008252,0.0000000000000000,0.0000000000000000,0.0000000000000000,1.0000000000000000
M 0.9837915897369385,0.1793149262666702,-0.0000000083789899,-0.0832043737173080,-0.1793149262666702,0.9837915897369385,-0.0000000470057415,1.3298001289367676,-0.0000000001856403,0.0000000477463509,1.0000000000000000,-0.0000000059223901,0.0000000000000000,0.0000000000000000,0.0000000000000000,1.0000000000000000
M 0.9835361242294312,0.1807103306055069,-0.0000000084329077,-0.0831519663333893,-0.1807103306055069,0.9835361242294312,-0.0000000469437182,1.3394941091537476,-0.0000000001891361,0.0000000476947832,1.0000000000000000,-0.0000000058435159,0.0000000000000000,0.0000000000000000,0.0000000000000000,1.0000000000000000
M 0.9832719564437866,0.1821419596672058,-0.0000000084878655,-0.0830775052309036,-0.1821419596672058,0.9832719564437866,-0.0000000468793075,1.3494026660919189,-0.0000000001927883,0.0000000476411373,1.0000000000000000,-0.0000000057613319,0.0000000000000000,0.0000000000000000,0.0000000000000000,1.0000000000000000
M 0.9829943180084229,0.1836345046758652,-0.0000000085445704,-0.0829759240150452,-0.1836345046758652,0.9829943180084229,-0.0000000468108077,1.3596889972686768,-0.0000000001967922,0.0000000475838711,1.0000000000000000,-0.0000000056729572,0.0000000000000000,0.0000000000000000,0.0000000000000000,1.0000000000000000
M 0.9826981425285339,0.1852131187915802,-0.0000000086037284,-0.0828345715999603,-0.1852131187915802,0.9826981425285339,-0.0000000467364885,1.3705204725265503,-0.0000000002013184,0.0000000475214144,1.0000000000000000,-0.0000000055755196,0.0000000000000000,0.0000000000000000,0.0000000000000000,1.0000000000000000
M 0.9823783040046692,0.1869022250175476,-0.0000000086660190,-0.0826471298933029,-0.1869022250175476,0.9823783040046692,-0.0000000466546375,1.3820599317550659,-0.0000000002065266,0.0000000474522288,1.0000000000000000,-0.0000000054662905,0.0000000000000000,0.0000000000000000,0.0000000000000000,1.0000000000000000
M 0.9820293784141541,0.1887264996767044,-0.0000000087320968,-0.0823980420827866,-0.1887264996767044,0.9820293784141541,-0.0000000465635210,1.3944710493087769,-0.0000000002125769,0.0000000473747548,1.0000000000000000,-0.0000000053426095,0.0000000000000000,0.0000000000000000,0.0000000000000000,1.0000000000000000
M 0.9816459417343140,0.1907112747430801,-0.0000000089076080,-0.0820796489715576,-0.1907112747430801,0.9816459417343140,-0.0000000463502765,1.4079229831695557,-0.0000000000953835,0.0000000471983697,1.0000000000000000,-0.0000000096375272,0.0000000000000000,0.0000000000000000,0.0000000000000000,1.0000000000000000
M 0.9810298681259155,0.1938553154468536,-0.0000000090181089,-0.0814993083477020,-0.1938553154468536,0.9810298681259155,-0.0000000461859173,1.4283807277679443,-0.0000000001063294,0.0000000470580019,1.0000000000000000,-0.0000000094134869,0.0000000000000000,0.0000000000000000,0.0000000000000000,1.0000000000000000
M 0.9801865816116333,0.1980751603841782,-0.0000000091657011,-0.0806134194135666,-0.1980751603841782,0.9801865816116333,-0.0000000459645975,1.4551525115966797,-0.0000000001203235,0.0000000468694132,1.0000000000000000,-0.0000000091171444,0.0000000000000000,0.0000000000000000,0.0000000000000000,1.0000000000000000
M 0.9794317483901978,0.2017743289470673,-0.0000000092944035,-0.0797355026006699,-0.2017743289470673,0.9794317483901978,-0.0000000457699088,1.4784157276153564,-0.0000000001319302,0.0000000467039101,1.0000000000000000,-0.0000000088614627,0.0000000000000000,0.0000000000000000,0.0000000000000000,1.0000000000000000
M 0.9791035056114197,0.2033608108758926,-0.0000000095860404,-0.0793309211730957,-0.2033608108758926,0.9791035056114197,-0.0000000456562006,1.4883511066436768,0.0000000001010638,0.0000000466516106,1.0000000000000000,-0.0000000103189279,0.0000000000000000,0.0000000000000000,0.0000000000000000,1.0000000000000000
M 0.9791035056114197,0.2033608108758926,-0.0000000095860404,-0.0793309211730957,-0.2033608108758926,0.9791035056114197,-0.0000000456562006,1.4883511066436768,0.0000000001010638,0.0000000466516106,1.0000000000000000,-0.0000000103189279,0.0000000000000000,0.0000000000000000,0.0000000000000000,1.0000000000000000
M 0.9791035056114197,0.2033608108758926,-0.0000000095860404,-0.0793309211730957,-0.2033608108758926,0.9791035056114197,-0.0000000456562006,1.4883511066436768,0.0000000001010638,0.0000000466516106,1.0000000000000000,-0.0000000103189279,0.0000000000000000,0.0000000000000000,0.0000000000000000,1.0000000000000000
M 0.9791035056114197,0.2033608108758926,-0.0000000095860404,-0.0793309211730957,-0.2033608108758926,0.9791035056114197,-0.0000000456562006,1.4883511066436768,0.0000000001010638,0.0000000466516106,1.0000000000000000,-0.0000000103189279,0.0000000000000000,0.0000000000000000,0.0000000000000000,1.0000000000000000
M 0.9791035056114197,0.2033608108758926,-0.0000000095860404,-0.0793309211730957,-0.2033608108758926,0.9791035056114197,-0.0000000456562006,1.4883511066436768,0.0000000001010638,0.0000000466516106,1.0000000000000000,-0.0000000103189279,0.0000000000000000,0.0000000000000000,0.0000000000000000,1.0000000000000000
M 0.9791035056114197,0.2033608108758926,-0.0000000095860404,-0.0793309211730957,-0.2033608108758926,0.9791035056114197,-0.0000000456562006,1.4883511066436768,0.0000000001010638,0.0000000466516106,1.0000000000000000,-0.0000000103189279,0.0000000000000000,0.0000000000000000,0.0000000000000000,1.0000000000000000
M 0.9791035056114197,0.2033608108758926,-0.0000000095860404,-0.0793309211730957,-0.2033608108758926,0.9791035056114197,-0.0000000456562006,1.4883511066436768,0.0000000001010638,0.0000000466516106,1.0000000000000000,-0.0000000103189279,0.0000000000000000,0.0000000000000000,0.0000000000000000,1.0000000000000000
M 0.9791035056114197,0.2033608108758926,-0.0000000095860404,-0.0793309211730957,-0.2033608108758926,0.9791035056114197,-0.0000000456562006,1.4883511066436768,0.0000000001010638,0.0000000466516106,1.0000000000000000,-0.0000000103189279,0.0000000000000000,0.0000000000000000,0.0000000000000000,1.0000000000000000
M 0.9791035056114197,0.2033608108758926,-0.0000000095860404,-0.0793309211730957,-0.2033608108758926,0.9791035056114197,-0.0000000456562006,1.4883511066436768,0.0000000001010638,0.0000000466516106,1.0000000000000000,-0.0000000103189279,0.0000000000000000,0.0000000000000000,0.0000000000000000,1.0000000000000000
M 0.9791035056114197,0.2033608108758926,-0.0000000095860404,-0.0793309211730957,-0.2033608108758926,0.9791035056114197,-0.0000000456562006,1.4883511066436768,0.0000000001010638,0.0000000466516106,1.0000000000000000,-0.0000000103189279,0.0000000000000000,0.0000000000000000,0.0000000000000000,1.0000000000000000
M 0.9791035056114197,0.2033608108758926,-0.0000000095860404,-0.0793309211730957,-0.2033608108758926,0.9791035056114197,-0.0000000456562006,1.4883511066436768,0.0000000001010638,0.0000000466516106,1.0000000000000000,-0.0000000103189279,0.0000000000000000,0.0000000000000000,0.0000000000000000,1.0000000000000000
M 0.9791035056114197,0.2033608108758926,-0.0000000095860404,-0.0793309211730957,-0.2033608108758926,0.9791035056114197,-0.0000000456562006,1.4883511066436768,0.0000000001010638,0.0000000466516106,1.0000000000000000,-0.0000000103189279,0.0000000000000000,0.0000000000000000,0.0000000000000000,1.0000000000000000
M 0.9791035056114197,0.2033608108758926,-0.0000000095860404,-0.0793309211730957,-0.2033608108758926,0.9791035056114197,-0.0000000456562006,1.4883511066436768,0.0000000001010638,0.0000000466516106,1.0000000000000000,-0.0000000103189279,0.0000000000000000,0.0000000000000000,0.0000000000000000,1.0000000000000000
M 0.9791035056114197,0.2033608108758926,-0.0000000095860404,-0.0793309211730957,-0.2033608108758926,0.9791035056114197,-0.0000000456562006,1.4883511066436768,0.0000000001010638,0.0000000466516106,1.0000000000000000,-0.0000000103189279,0.0000000000000000,0.0000000000000000,0.0000000000000000,1.0000000000000000
M 0.9791035056114197,0.2033608108758926,-0.0000000095860404,-0.0793309211730957,-0.2033608108758926,0.9791035056114197,-0.0000000456562006,1.4883511066436768,0.0000000001010638,0.0000000466516106,1.0000000000000000,-0.0000000103189279,0.0000000000000000,0.0000000000000000,0.0000000000000000,1.0000000000000000
M 0.9791035056114197,0.2033608108758926,-0.0000000095860404,-0.0793309211730957,-0.2033608108758926,0.9791035056114197,-0.0000000456562006,1.4883511066436768,0.0000000001010638,0.0000000466516106,1.0000000000000000,-0.0000000103189279,0.0000000000000000,0.0000000000000000,0.0000000000000000,1.0000000000000000
M 0.9791035056114197,0.2033608108758926,-0.0000000095860404,-0.0793309211730957,-0.2033608108758926,0.9791035056114197,-0.0000000456562006,1.4883511066436768,0.0000000001010638,0.0000000466516106,1.0000000000000000,-0.0000000103189279,0.0000000000000000,0.0000000000000000,0.0000000000000000,1.0000000000000000
M 0.9791035056114197,0.2033608108758926,-0.0000000095860404,-0.0793309211730957,-0.2033608108758926,0.9791035056114197,-0.0000000456562006,1.4883511066436768,0.0000000001010638,0.0000000466516106,1.0000000000000000,-0.0000000103189279,0.0000000000000000,0.0000000000000000,0.0000000000000000,1.0000000000000000
M 0.9791035056114197,0.2033608108758926,-0.0000000095860404,-0.0793309211730957,-0.2033608108758926,0.9791035056114197,-0.0000000456562006,1.4883511066436768,0.0000000001010638,0.0000000466516106,1.0000000000000000,-0.0000000103189279,0.0000000000000000,0.0000000000000000,0.0000000000000000,1.0000000000000000
M 0.9791035056114197,0.2033608108758926,-0.0000000095860404,-0.0793309211730957,-0.2033608108758926,0.9791035056114197,-0.0000000456562006,1.4883511066436768,0.0000000001010638,0.0000000466516106,1.0000000000000000,-0.0000000103189279,0.0000000000000000,0.0000000000000000,0.0000000000000000,1.0000000000000000
M 0.9791035056114197,0.2033608108758926,-0.0000000095860404,-0.0793309211730957,-0.2033608108758926,0.9791035056114197,-0.0000000456562006,1.4883511066436768,0.0000000001010638,0.0000000466516106,1.0000000000000000,-0.0000000103189279,0.0000000000000000,0.0000000000000000,0.0000000000000000,1.0000000000000000
M 0.9791035056114197,0.2033608108758926,-0.0000000095860404,-0.0793309211730957,-0.2033608108758926,0.9791035056114197,-0.0000000456562006,1.4883511066436768,0.0000000001010638,0.0000000466516106,1.0000000000000000,-0.0000000103189279,0.0000000000000000,0.0000000000000000,0.0000000000000000,1.0000000000000000
M 0.9791035056114197,0.2033608108758926,-0.0000000095860404,-0.0793309211730957,-0.2033608108758926,0.9791035056114197,-0.0000000456562006,1.4883511066436768,0.0000000001010638,0.0000000466516106,1.0000000000000000,-0.0000000103189279,0.0000000000000000,0.0000000000000000,0.0000000000000000,1.0000000000000000
M 0.9791035056114197,0.2033608108758926,-0.0000000095860404,-0.0793309211730957,-0.2033608108758926,0.9791035056114197,-0.0000000456562006,1.4883511066436768,0.0000000001010638,0.0000000466516106,1.0000000000000000,-0.0000000103189279,0.0000000000000000,0.0000000000000000,0.0000000000000000,1.0000000000000000
M 0.9791035056114197,0.2033608108758926,-0.0000000095860404,-0.0793309211730957,-0.2033608108758926,0.9791035056114197,-0.0000000456562006,1.4883511066436768,0.0000000001010638,0.0000000466516106,1.0000000000000000,-0.0000000103189279,0.0000000000000000,0.0000000000000000,0.0000000000000000,1.0000000000000000
M 0.9791035056114197,0.2033608108758926,-0.0000000095860404,-0.0793309211730957,-0.2033608108758926,0.9791035056114197,-0.0000000456562006,1.4883511066436768,0.0000000001010638,0.0000000466516106,1.0000000000000000,-0.0000000103189279,0.0000000000000000,0.0000000000000000,0.0000000000000000,1.0000000000000000
M 0.9791035056114197,0.2033608108758926,-0.0000000095860404,-0.0793309211730957,-0.2033608108758926,0.9791035056114197,-0.0000000456562006,1.4883511066436768,0.0000000001010638,0.0000000466516106,1.0000000000000000,-0.0000000103189279,0.0000000000000000,0.0000000000000000,0.0000000000000000,1.0000000000000000
M 0.9791035056114197,0.2033608108758926,-0.0000000095860404,-0.0793309211730957,-0.2033608108758926,0.9791035056114197,-0.0000000456562006,1.4883511066436768,0.0000000001010638,0.0000000466516106,1.0000000000000000,-0.0000000103189279,0.0000000000000000,0.0000000000000000,0.0000000000000000,1.0000000000000000
M 0.9791035056114197,0.2033608108758926,-0.0000000095860404,-0.0793309211730957,-0.2033608108758926,0.9791035056114197,-0.0000000456562006,1.4883511066436768,0.0000000001010638,0.0000000466516106,1.0000000000000000,-0.0000000103189279,0.0000000000000000,0.0000000000000000,0.0000000000000000,1.0000000000000000
M 0.9791035056114197,0.2033608108758926,-0.0000000095860404,-0.0793309211730957,-0.2033608108758926,0.9791035056114197,-0.0000000456562006,1.4883511066436768,0.0000000001010638,0.0000000466516106,1.0000000000000000,-0.0000000103189279,0.0000000000000000,0.0000000000000000,0.0000000000000000,1.0000000000000000
M 0.9791035056114197,0.2033608108758926,-0.0000000095860404,-0.0793309211730957,-0.2033608108758926,0.9791035056114197,-0.0000000456562006,1.4883511066436768,0.0000000001010638,0.0000000466516106,1.0000000000000000,-0.0000000103189279,0.0000000000000000,0.0000000000000000,0.0000000000000000,1.0000000000000000
M 0.9791035056114197,0.2033608108758926,-0.0000000095860404,-0.0793309211730957,-0.2033608108758926,0.9791035056114197,-0.0000000456562006,1.4883511066436768,0.0000000001010638,0.0000000466516106,1.0000000000000000,-0.0000000103189279,0.0000000000000000,0.0000000000000000,0.0000000000000000,1.0000000000000000
M 0.9791035056114197,0.2033608108758926,-0.0000000095860404,-0.0793309211730957,-0.2033608108758926,0.9791035056114197,-0.0000000456562006,1.4883511066436768,0.0000000001010638,0.0000000466516106,1.0000000000000000,-0.0000000103189279,0.0000000000000000,0.0000000000000000,0.0000000000000000,1.0000000000000000
M 0.9791035056114197,0.2033608108758926,-0.0000000095860404,-0.0793309211730957,-0.2033608108758926,0.9791035056114197,-0.0000000456562006,1.4883511066436768,0.0000000001010638,0.0000000466516106,1.0000000000000000,-0.0000000103189279,0.0000000000000000,0.0000000000000000,0.0000000000000000,1.0000000000000000
M 0.9791035056114197,0.2033608108758926,-0.0000000095860404,-0.0793309211730957,-0.2033608108758926,0.9791035056114197,-0.0000000456562006,1.4883511066436768,0.0000000001010638,0.0000000466516106,1.0000000000000000,-0.0000000103189279,0.0000000000000000,0.0000000000000000,0.0000000000000000,1.0000000000000000
M 0.9791035056114197,0.2033608108758926,-0.0000000095860404,-0.0793309211730957,-0.2033608108758926,0.9791035056114197,-0.0000000456562006,1.4883511066436768,0.0000000001010638,0.0000000466516106,1.0000000000000000,-0.0000000103189279,0.0000000000000000,0.0000000000000000,0.0000000000000000,1.0000000000000000
M 0.9791035056114197,0.2033608108758926,-0.0000000095860404,-0.0793309211730957,-0.2033608108758926,0.9791035056114197,-0.0000000456562006,1.4883511066436768,0.0000000001010638,0.0000000466516106,1.0000000000000000,-0.0000000103189279,0.0000000000000000,0.0000000000000000,0.0000000000000000,1.0000000000000000
M 0.9791035056114197,0.2033608108758926,-0.0000000095860404,-0.0793309211730957,-0.2033608108758926,0.9791035056114197,-0.0000000456562006,1.4883511066436768,0.0000000001010638,0.0000000466516106,1.0000000000000000,-0.0000000103189279,0.0000000000000000,0.0000000000000000,0.0000000000000000,1.0000000000000000
M 0.9791035056114197,0.2033608108758926,-0.0000000095860404,-0.0793309211730957,-0.2033608108758926,0.9791035056114197,-0.0000000456562006,1.4883511066436768,0.0000000001010638,0.0000000466516106,1.0000000000000000,-0.0000000103189279,0.0000000000000000,0.0000000000000000,0.0000000000000000,1.0000000000000000
M 0.9791035056114197,0.2033608108758926,-0.0000000095860404,-0.0793309211730957,-0.2033608108758926,0.9791035056114197,-0.0000000456562006,1.4883511066436768,0.0000000001010638,0.0000000466516106,1.0000000000000000,-0.0000000103189279,0.0000000000000000,0.0000000000000000,0.0000000000000000,1.0000000000000000
M 0.9791035056114197,0.2033608108758926,-0.0000000095860404,-0.0793309211730957,-0.2033608108758926,0.9791035056114197,-0.0000000456562006,1.4883511066436768,0.0000000001010638,0.0000000466516106,1.0000000000000000,-0.0000000103189279,0.0000000000000000,0.0000000000000000,0.0000000000000000,1.0000000000000000
M 0.9791035056114197,0.2033608108758926,-0.0000000095860404,-0.0793309211730957,-0.2033608108758926,0.9791035056114197,-0.0000000456562006,1.4883511066436768,0.0000000001010638,0.0000000466516106,1.0000000000000000,-0.0000000103189279,0.0000000000000000,0.0000000000000000,0.0000000000000000,1.0000000000000000
M 0.9791035056114197,0.2033608108758926,-0.0000000095860404,-0.0793309211730957,-0.2033608108758926,0.9791035056114197,-0.0000000456562006,1.4883511066436768,0.0000000001010638,0.0000000466516106,1.0000000000000000,-0.0000000103189279,0.0000000000000000,0.0000000000000000,0.0000000000000000,1.0000000000000000
M 0.9791035056114197,0.2033608108758926,-0.0000000095860404,-0.0793309211730957,-0.2033608108758926,0.9791035056114197,-0.0000000456562006,1.4883511066436768,0.0000000001010638,0.0000000466516106,1.0000000000000000,-0.0000000103189279,0.0000000000000000,0.0000000000000000,0.0000000000000000,1.0000000000000000
M 0.9791035056114197,0.2033608108758926,-0.0000000095860404,-0.0793309211730957,-0.2033608108758926,0.9791035056114197,-0.0000000456562006,1.4883511066436768,0.0000000001010638,0.0000000466516106,1.0000000000000000,-0.0000000103189279,0.0000000000000000,0.0000000000000000,0.0000000000000000,1.0000000000000000
M 0.9791035056114197,0.2033608108758926,-0.0000000095860404,-0.0793309211730957,-0.2033608108758926,0.9791035056114197,-0.0000000456562006,1.4883511066436768,0.0000000001010638,0.0000000466516106,1.0000000000000000,-0.0000000103189279,0.0000000000000000,0.0000000000000000,0.0000000000000000,1.0000000000000000
M 0.9791035056114197,0.2033608108758926,-0.0000000095860404,-0.0793309211730957,-0.2033608108758926,0.9791035056114197,-0.0000000456562006,1.4883511066436768,0.0000000001010638,0.0000000466516106,1.0000000000000000,-0.0000000103189279,0.0000000000000000,0.0000000000000000,0.0000000000000000,1.0000000000000000
M 0.9791035056114197,0.2033608108758926,-0.0000000095860404,-0.0793309211730957,-0.2033608108758926,0.9791035056114197,-0.0000000456562006,1.4883511066436768,0.0000000001010638,0.0000000466516106,1.0000000000000000,-0.0000000103189279,0.0000000000000000,0.0000000000000000,0.0000000000000000,1.0000000000000000
M 0.9791035056114197,0.2033608108758926,-0.0000000095860404,-0.0793309211730957,-0.2033608108758926,0.9791035056114197,-0.0000000456562006,1.4883511066436768,0.0000000001010638,0.0000000466516106,1.0000000000000000,-0.0000000103189279,0.0000000000000000,0.0000000000000000,0.0000000000000000,1.0000000000000000
M 0.9791035056114197,0.2033608108758926,-0.0000000095860404,-0.0793309211730957,-0.2033608108758926,0.9791035056114197,-0.0000000456562006,1.4883511066436768,0.0000000001010638,0.0000000466516106,1.0000000000000000,-0.0000000103189279,0.0000000000000000,0.0000000000000000,0.0000000000000000,1.0000000000000000
M 0.9791035056114197,0.2033608108758926,-0.0000000095860404,-0.0793309211730957,-0.2033608108758926,0.9791035056114197,-0.0000000456562006,1.4883511066436768,0.0000000001010638,0.0000000466516106,1.0000000000000000,-0.0000000103189279,0.0000000000000000,0.0000000000000000,0.0000000000000000,1.0000000000000000
M 0.9791035056114197,0.2033608108758926,-0.0000000095860404,-0.0793309211730957,-0.2033608108758926,0.9791035056114197,-0.0000000456562006,1.4883511066436768,0.0000000001010638,0.0000000466516106,1.0000000000000000,-0.0000000103189279,0.0000000000000000,0.0000000000000000,0.0000000000000000,1.0000000000000000
M 0.9791035056114197,0.2033608108758926,-0.0000000095860404,-0.0793309211730957,-0.2033608108758926,0.9791035056114197,-0.0000000456562006,1.4883511066436768,0.0000000001010638,0.0000000466516106,1.0000000000000000,-0.0000000103189279,0.0000000000000000,0.0000000000000000,0.0000000000000000,1.0000000000000000
M 0.9791035056114197,0.2033608108758926,-0.0000000095860404,-0.0793309211730957,-0.2033608108758926,0.9791035056114197,-0.0000000456562006,1.4883511066436768,0.0000000001010638,0.0000000466516106,1.0000000000000000,-0.0000000103189279,0.0000000000000000,0.0000000000000000,0.0000000000000000,1.0000000000000000
M 0.9791035056114197,0.2033608108758926,-0.0000000095860404,-0.0793309211730957,-0.2033608108758926,0.9791035056114197,-0.0000000456562006,1.4883511066436768,0.0000000001010638,0.0000000466516106,1.0000000000000000,-0.0000000103189279,0.0000000000000000,0.0000000000000000,0.0000000000000000,1.0000000000000000
M 0.9791035056114197,0.2033608108758926,-0.0000000095860404,-0.0793309211730957,-0.2033608108758926,0.9791035056114197,-0.0000000456562006,1.4883511066436768,0.0000000001010638,0.0000000466516106,1.0000000000000000,-0.0000000103189279,0.0000000000000000,0.0000000000000000,0.0000000000000000,1.0000000000000000
M 0.9791035056114197,0.2033608108758926,-0.0000000095860404,-0.0793309211730957,-0.2033608108758926,0.9791035056114197,-0.0000000456562006,1.4883511066436768,0.0000000001010638,0.0000000466516106,1.0000000000000000,-0.0000000103189279,0.0000000000000000,0.0000000000000000,0.0000000000000000,1.0000000000000000
M 0.9791035056114197,0.2033608108758926,-0.0000000095860404,-0.0793309211730957,-0.2033608108758926,0.9791035056114197,-0.0000000456562006,1.4883511066436768,0.0000000001010638,0.0000000466516106,1.0000000000000000,-0.0000000103189279,0.0000000000000000,0.0000000000000000,0.0000000000000000,1.0000000000000000
M 0.9791035056114197,0.2033608108758926,-0.0000000095860404,-0.0793309211730957,-0.2033608108758926,0.9791035056114197,-0.0000000456562006,1.4883511066436768,0.0000000001010638,0.0000000466516106,1.0000000000000000,-0.0000000103189279,0.0000000000000000,0.0000000000000000,0.0000000000000000,1.0000000000000000
M 0.9791035056114197,0.2033608108758926,-0.0000000095860404,-0.0793309211730957,-0.2033608108758926,0.9791035056114197,-0.0000000456562006,1.4883511066436768,0.0000000001010638,0.0000000466516106,1.0000000000000000,-0.0000000103189279,0.0000000000000000,0.0000000000000000,0.0000000000000000,1.0000000000000000
M 0.9791035056114197,0.2033608108758926,-0.0000000095860404,-0.0793309211730957,-0.2033608108758926,0.9791035056114197,-0.0000000456562006,1.4883511066436768,0.0000000001010638,0.0000000466516106,1.0000000000000000,-0.0000000103189279,0.0000000000000000,0.0000000000000000,0.0000000000000000,1.0000000000000000
M 0.9791035056114197,0.2033608108758926,-0.0000000095860404,-0.0793309211730957,-0.2033608108758926,0.9791035056114197,-0.0000000456562006,1.4883511066436768,0.0000000001010638,0.0000000466516106,1.0000000000000000,-0.0000000103189279,0.0000000000000000,0.0000000000000000,0.0000000000000000,1.0000000000000000
M 0.9791035056114197,0.2033608108758926,-0.0000000095860404,-0.0793309211730957,-0.2033608108758926,0.9791035056114197,-0.0000000456562006,1.4883511066436768,0.0000000001010638,0.0000000466516106,1.0000000000000000,-0.0000000103189279,0.0000000000000000,0.0000000000000000,0.0000000000000000,1.0000000000000000
M 0.9791035056114197,0.2033608108758926,-0.0000000095860404,-0.0793309211730957,-0.2033608108758926,0.9791035056114197,-0.0000000456562006,1.4883511066436768,0.0000000001010638,0.0000000466516106,1.0000000000000000,-0.0000000103189279,0.0000000000000000,0.0000000000000000,0.0000000000000000,1.0000000000000000
M 0.9791035056114197,0.2033608108758926,-0.0000000095860404,-0.0793309211730957,-0.2033608108758926,0.9791035056114197,-0.0000000456562006,1.4883511066436768,0.0000000001010638,0.0000000466516106,1.0000000000000000,-0.0000000103189279,0.0000000000000000,0.0000000000000000,0.0000000000000000,1.0000000000000000
M 0.9791035056114197,0.2033608108758926,-0.0000000095860404,-0.0793309211730957,-0.2033608108758926,0.9791035056114197,-0.0000000456562006,1.4883511066436768,0.0000000001010638,0.0000000466516106,1.0000000000000000,-0.0000000103189279,0.0000000000000000,0.0000000000000000,0.0000000000000000,1.0000000000000000
M 0.9791035056114197,0.2033608108758926,-0.0000000095860404,-0.0793309211730957,-0.2033608108758926,0.9791035056114197,-0.0000000456562006,1.4883511066436768,0.0000000001010638,0.0000000466516106,1.0000000000000000,-0.0000000103189279,0.0000000000000000,0.0000000000000000,0.0000000000000000,1.0000000000000000
M 0.9791035056114197,0.2033608108758926,-0.0000000095860404,-0.0793309211730957,-0.2033608108758926,0.9791035056114197,-0.0000000456562006,1.4883511066436768,0.0000000001010638,0.0000000466516106,1.0000000000000000,-0.0000000103189279,0.0000000000000000,0.0000000000000000,0.0000000000000000,1.0000000000000000
M 0.9791035056114197,0.2033608108758926,-0.0000000095860404,-0.0793309211730957,-0.2033608108758926,0.9791035056114197,-0.0000000456562006,1.4883511066436768,0.0000000001010638,0.0000000466516106,1.0000000000000000,-0.0000000103189279,0.0000000000000000,0.0000000000000000,0.0000000000000000,1.0000000000000000
M 0.9791035056114197,0.2033608108758926,-0.0000000095860404,-0.0793309211730957,-0.2033608108758926,0.9791035056114197,-0.0000000456562006,1.4883511066436768,0.0000000001010638,0.0000000466516106,1.0000000000000000,-0.0000000103189279,0.0000000000000000,0.0000000000000000,0.0000000000000000,1.0000000000000000
M 0.9791035056114197,0.2033608108758926,-0.0000000095860404,-0.0793309211730957,-0.2033608108758926,0.9791035056114197,-0.0000000456562006,1.4883511066436768,0.0000000001010638,0.0000000466516106,1.0000000000000000,-0.0000000103189279,0.0000000000000000,0.0000000000000000,0.0000000000000000,1.0000000000000000
M 0.9791035056114197,0.2033608108758926,-0.0000000095860404,-0.0793309211730957,-0.2033608108758926,0.9791035056114197,-0.0000000456562006,1.4883511066436768,0.0000000001010638,0.0000000466516106,1.0000000000000000,-0.0000000103189279,0.0000000000000000,0.0000000000000000,0.0000000000000000,1.0000000000000000
M 0.9791035056114197,0.2033608108758926,-0.0000000095860404,-0.0793309211730957,-0.2033608108758926,0.9791035056114197,-0.0000000456562006,1.4883511066436768,0.0000000001010638,0.0000000466516106,1.0000000000000000,-0.0000000103189279,0.0000000000000000,0.0000000000000000,0.0000000000000000,1.0000000000000000
M 0.9791035056114197,0.2033608108758926,-0.0000000095860404,-0.0793309211730957,-0.2033608108758926,0.9791035056114197,-0.0000000456562006,1.4883511066436768,0.0000000001010638,0.0000000466516106,1.0000000000000000,-0.0000000103189279,0.0000000000000000,0.0000000000000000,0.0000000000000000,1.0000000000000000
M 0.9791035056114197,0.2033608108758926,-0.0000000095860404,-0.0793309211730957,-0.2033608108758926,0.9791035056114197,-0.0000000456562006,1.4883511066436768,0.0000000001010638,0.0000000466516106,1.0000000000000000,-0.0000000103189279,0.0000000000000000,0.0000000000000000,0.0000000000000000,1.0000000000000000
