O WIDGET_105
A WIDGET_105_WIDGET_105
M 1.0000000000000000,-0.0000000000000000,-0.0000000000000036,-0.0000010337937510,0.0000000000000000,1.0000000000000000,-0.0000000437113883,0.0000001112920245,0.0000000000000036,0.0000000437113883,1.0000000000000000,0.0000000032278500,0.0000000000000000,0.0000000000000000,0.0000000000000000,1.0000000000000000
M 1.0000000000000000,-0.0000000000000000,-0.0000000000000036,-0.0000010337937510,0.0000000000000000,1.0000000000000000,-0.0000000437113883,0.0000001112920245,0.0000000000000036,0.0000000437113883,1.0000000000000000,0.0000000032278500,0.0000000000000000,0.0000000000000000,0.0000000000000000,1.0000000000000000
M 0.9999994039535522,-0.0009557885350659,0.0000000000419138,0.0004677071701735,0.0009557885350659,0.9999994039535522,-0.0000000436068639,0.0078612267971039,-0.0000000000002380,0.0000000436068959,1.0000000000000000,0.0000000033397214,0.0000000000000000,0.0000000000000000,0.0000000000000000,1.0000000000000000
M 0.9999929070472717,-0.0037190152797848,0.0000000001647340,0.0018124885391444,0.0037190152797848,0.9999929070472717,-0.0000000433048370,0.0306254383176565,-0.0000000000036984,0.0000000433051355,1.0000000000000000,0.0000000036406815,0.0000000000000000,0.0000000000000000,0.0000000000000000,1.0000000000000000
M 0.9999670982360840,-0.0081342235207558,0.0000000003659889,0.0039274222217500,0.0081342235207558,0.9999670982360840,-0.0000000428223359,0.0671129077672958,-0.0000000000176393,0.0000000428238920,1.0000000000000000,0.0000000040532750,0.0000000000000000,0.0000000000000000,0.0000000000000000,1.0000000000000000
M 0.9999012351036072,-0.0140457348898053,0.0000000006449133,0.0066887349821627,0.0140457348898053,0.9999012351036072,-0.0000000421764916,0.1161876842379570,-0.0000000000524559,0.0000000421814050,1.0000000000000000,0.0000000044744732,0.0000000000000000,0.0000000000000000,0.0000000000000000,1.0000000000000000
M 0.9997730255126953,-0.0212978869676590,0.0000000010018190,0.0099755320698023,0.0212978869676590,0.9997730255126953,-0.0000000413848262,0.1767344325780869,-0.0000000001201849,0.0000000413967811,1.0000000000000000,0.0000000047872017,0.0000000000000000,0.0000000000000000,0.0000000000000000,1.0000000000000000
M 0.9995576143264771,-0.0297335162758827,0.0000000014370624,0.0136543195694685,0.0297335162758827,0.9995576143264771,-0.0000000404654656,0.2476328760385513,-0.0000000002332537,0.0000000404903169,1.0000000000000000,0.0000000011446155,0.0000000000000000,0.0000000000000000,0.0000000000000000,1.0000000000000000
M 0.9992313385009766,-0.0391964614391327,0.0000000019505852,0.0176046174019575,0.0391964614391327,0.9992313385009766,-0.0000000394372996,0.3277603685855865,-0.0000000004032973,0.0000000394834601,1.0000000000000000,0.0000000008808598,0.0000000000000000,0.0000000000000000,0.0000000000000000,1.0000000000000000
M 0.9987726807594299,-0.0495294407010078,0.0000000025411333,0.0217051897197962,0.0495294407010078,0.9987726807594299,-0.0000000383201098,0.4159602224826813,-0.0000000006400395,0.0000000383989303,1.0000000000000000,0.0000000038934549,0.0000000000000000,0.0000000000000000,0.0000000000000000,1.0000000000000000
M 0.9981635212898254,-0.0605746433138847,0.0000000032057659,0.0258456859737635,0.0605746433138847,0.9981635212898254,-0.0000000371343383,0.5110353827476501,-0.0000000009504864,0.0000000372603317,1.0000000000000000,-0.0000000010753092,0.0000000000000000,0.0000000000000000,0.0000000000000000,1.0000000000000000
M 0.9973917007446289,-0.0721745267510414,0.0000000039395402,0.0299203190952539,0.0721745267510414,0.9973917007446289,-0.0000000359009142,0.6117438673973083,-0.0000000013381515,0.0000000360916417,1.0000000000000000,0.0000000008215935,0.0000000000000000,0.0000000000000000,0.0000000000000000,1.0000000000000000
M 0.9964509606361389,-0.0841712877154350,0.0000000047351634,0.0338316299021244,0.0841712877154350,0.9964509606361389,-0.0000000346409301,0.7167887091636658,-0.0000000018025978,0.0000000349165674,1.0000000000000000,-0.0000000016140937,0.0000000000000000,0.0000000000000000,0.0000000000000000,1.0000000000000000
M 0.9953417778015137,-0.0964072346687317,0.0000000055828830,0.0374927408993244,0.0964072346687317,0.9953417778015137,-0.0000000333751267,0.8248180747032166,-0.0000000023392850,0.0000000337579102,1.0000000000000000,-0.0000000009202701,0.0000000000000000,0.0000000000000000,0.0000000000000000,1.0000000000000000
M 0.9940717220306396,-0.1087249517440796,0.0000000064705712,0.0408232919871807,0.1087249517440796,0.9940717220306396,-0.0000000321235483,0.9344248771667480,-0.0000000029395872,0.0000000326366347,1.0000000000000000,-0.0000000119519212,0.0000000000000000,0.0000000000000000,0.0000000000000000,1.0000000000000000
M 0.9926564693450928,-0.1209673285484314,0.0000000073838464,0.0437446720898151,0.1209673285484314,0.9926564693450928,-0.0000000309050670,1.0441511869430542,-0.0000000035911230,0.0000000315713145,1.0000000000000000,-0.0000000122785364,0.0000000000000000,0.0000000000000000,0.0000000000000000,1.0000000000000000
M 0.9911187887191772,-0.1329797059297562,0.0000000083064444,0.0462067313492298,0.1329797059297562,0.9911187887191772,-0.0000000297369205,1.1525107622146606,-0.0000000042782604,0.0000000305774108,1.0000000000000000,-0.0000000166930114,0.0000000000000000,0.0000000000000000,0.0000000000000000,1.0000000000000000
M 0.9894892573356628,-0.1446068733930588,0.0000000092205390,0.0481552965939045,0.1446068733930588,0.9894892573356628,-0.0000000286346733,1.2579731941223145,-0.0000000049828488,0.0000000296670528,1.0000000000000000,-0.0000000176127610,0.0000000000000000,0.0000000000000000,0.0000000000000000,1.0000000000000000
M 0.9878050684928894,-0.1556948125362396,0.0000000101071942,0.0495652295649052,0.1556948125362396,0.9878050684928894,-0.0000000276119607,1.3589864969253540,-0.0000000056849045,0.0000000288488895,1.0000000000000000,-0.0000000335138139,0.0000000000000000,0.0000000000000000,0.0000000000000000,1.0000000000000000
M 0.9861101508140564,-0.1660923063755035,0.0000000109469500,0.0504373051226139,0.1660923063755035,0.9861101508140564,-0.0000000266804836,1.4540015459060669,-0.0000000063634835,0.0000000281281061,1.0000000000000000,-0.0000000344319844,0.0000000000000000,0.0000000000000000,0.0000000000000000,1.0000000000000000
M 0.9844530224800110,-0.1756485104560852,0.0000000117201182,0.0507812835276127,0.1756485104560852,0.9844530224800110,-0.0000000258503210,1.5414617061614990,-0.0000000069973196,0.0000000275070420,1.0000000000000000,-0.0000000351008431,0.0000000000000000,0.0000000000000000,0.0000000000000000,1.0000000000000000
M 0.9828860759735107,-0.1842135787010193,0.0000000124071438,0.0506375730037689,0.1842135787010193,0.9828860759735107,-0.0000000251302570,1.6198166608810425,-0.0000000075654869,0.0000000269857505,1.0000000000000000,-0.0000000390782802,0.0000000000000000,0.0000000000000000,0.0000000000000000,1.0000000000000000
M 0.9814656972885132,-0.1916381120681763,0.0000000129891209,0.0500704348087311,0.1916381120681763,0.9814656972885132,-0.0000000245283669,1.6875256299972534,-0.0000000080477927,0.0000000265629545,1.0000000000000000,-0.0000000387508834,0.0000000000000000,0.0000000000000000,0.0000000000000000,1.0000000000000000
M 0.9802470207214355,-0.1977759152650833,0.0000000134478633,0.0491543114185333,0.1977759152650833,0.9802470207214355,-0.0000000240524205,1.7430893182754517,-0.0000000084252578,0.0000000262370001,1.0000000000000000,-0.0000000376901745,0.0000000000000000,0.0000000000000000,0.0000000000000000,1.0000000000000000
M 0.9792867898941040,-0.2024775594472885,0.0000000162129261,0.0479982495307922,0.2024775594472885,0.9792867898941040,-0.0000000186262170,1.7849960327148438,-0.0000000121057102,0.0000000215231708,1.0000000000000000,-0.0000000619990317,0.0000000000000000,0.0000000000000000,0.0000000000000000,1.0000000000000000
M 0.9791035056114197,-0.2033608108758926,0.0000000063655019,0.0479860045015812,0.2033608108758926,0.9791035056114197,-0.0000000221613838,1.7933923006057739,-0.0000000017257464,0.0000000229928130,1.0000000000000000,0.0000000119868364,0.0000000000000000,0.0000000000000000,0.0000000000000000,1.0000000000000000
M 0.9801031351089478,-0.1984880566596985,0.0000000061972711,0.0506527908146381,0.1984880566596985,0.9801031351089478,-0.0000000224206556,1.7536104917526245,-0.0000000016237480,0.0000000232046560,1.0000000000000000,0.0000000125720803,0.0000000000000000,0.0000000000000000,0.0000000000000000,1.0000000000000000
M 0.9811866283416748,-0.1930605024099350,0.0000000060103176,0.0533485598862171,0.1930605024099350,0.9811866283416748,-0.0000000227122694,1.7095376253128052,-0.0000000015124095,0.0000000234453452,1.0000000000000000,0.0000000132006246,0.0000000000000000,0.0000000000000000,0.0000000000000000,1.0000000000000000
M 0.9822486042976379,-0.1875827610492706,0.0000000058216072,0.0557836927473545,0.1875827610492706,0.9822486042976379,-0.0000000230084609,1.6648172140121460,-0.0000000014022754,0.0000000236920741,1.0000000000000000,0.0000000138129579,0.0000000000000000,0.0000000000000000,0.0000000000000000,1.0000000000000000
M 0.9831947088241577,-0.1825598478317261,0.0000000056485892,0.0577705241739750,0.1825598478317261,0.9831947088241577,-0.0000000232819257,1.6232850551605225,-0.0000000013033180,0.0000000239218814,1.0000000000000000,0.0000000143543062,0.0000000000000000,0.0000000000000000,0.0000000000000000,1.0000000000000000
M 0.9839414358139038,-0.1784907430410385,0.0000000055089995,0.0591858513653278,0.1784907430410385,0.9839414358139038,-0.0000000235061055,1.5893410444259644,-0.0000000012249096,0.0000000241119480,1.0000000000000000,0.0000000147745425,0.0000000000000000,0.0000000000000000,0.0000000000000000,1.0000000000000000
M 0.9844124317169189,-0.1758745163679123,0.0000000056577010,0.0599762387573719,0.1758745163679123,0.9844124317169189,-0.0000000236265869,1.5674921274185181,-0.0000000014142053,0.0000000242533602,1.0000000000000000,0.0000000131061935,0.0000000000000000,0.0000000000000000,0.0000000000000000,1.0000000000000000
M 0.9846988320350647,-0.1742629855871201,0.0000000056049512,0.0603959597647190,0.1742629855871201,0.9846988320350647,-0.0000000237225208,1.5541450977325439,-0.0000000013852471,0.0000000243363001,1.0000000000000000,0.0000000132475595,0.0000000000000000,0.0000000000000000,0.0000000000000000,1.0000000000000000
M 0.9849258661270142,-0.1729747205972672,0.0000000055628222,0.0607109703123569,0.1729747205972672,0.9849258661270142,-0.0000000237994424,1.5435074567794800,-0.0000000013622931,0.0000000244029525,1.0000000000000000,0.0000000133585729,0.0000000000000000,0.0000000000000000,0.0000000000000000,1.0000000000000000
M 0.9850687980651855,-0.1721591204404831,0.0000000055362914,0.0609022565186024,0.1721591204404831,0.9850687980651855,-0.0000000238486013,1.5367904901504517,-0.0000000013478832,0.0000000244456686,1.0000000000000000,0.0000000134273286,0.0000000000000000,0.0000000000000000,0.0000000000000000,1.0000000000000000
M 0.9851027131080627,-0.1719658374786377,0.0000000056353260,0.0609373189508915,0.1719658374786377,0.9851027131080627,-0.0000000237500934,1.5352075099945068,-0.0000000014671763,0.0000000243653790,1.0000000000000000,0.0000000125604558,0.0000000000000000,0.0000000000000000,0.0000000000000000,1.0000000000000000
M 0.9850387573242188,-0.1723316609859467,0.0000000056479701,0.0608374364674091,0.1723316609859467,0.9850387573242188,-0.0000000237299158,1.5383800268173218,-0.0000000014740650,0.0000000243482230,1.0000000000000000,0.0000000125240316,0.0000000000000000,0.0000000000000000,0.0000000000000000,1.0000000000000000
M 0.9849138259887695,-0.1730452030897141,0.0000000056721614,0.0606532581150532,0.1730452030897141,0.9849138259887695,-0.0000000236893651,1.5446588993072510,-0.0000000014872527,0.0000000243135272,1.0000000000000000,0.0000000124563169,0.0000000000000000,0.0000000000000000,0.0000000000000000,1.0000000000000000
M 0.9847392439842224,-0.1740343570709229,0.0000000057053837,0.0603930242359638,0.1740343570709229,0.9847392439842224,-0.0000000236325128,1.5533573627471924,-0.0000000015054710,0.0000000242648213,1.0000000000000000,0.0000000123636443,0.0000000000000000,0.0000000000000000,0.0000000000000000,1.0000000000000000
M 0.9845280051231384,-0.1752264201641083,0.0000000057452230,0.0600719489157200,0.1752264201641083,0.9845280051231384,-0.0000000235635209,1.5637801885604858,-0.0000000015273948,0.0000000242056721,1.0000000000000000,0.0000000085273530,0.0000000000000000,0.0000000000000000,0.0000000000000000,1.0000000000000000
M 0.9842914342880249,-0.1765493452548981,0.0000000057891585,0.0597026683390141,0.1765493452548981,0.9842914342880249,-0.0000000234864501,1.5752409696578979,-0.0000000015517273,0.0000000241396059,1.0000000000000000,0.0000000084046743,0.0000000000000000,0.0000000000000000,0.0000000000000000,1.0000000000000000
M 0.9840427637100220,-0.1779308170080185,0.0000000058347798,0.0593055970966816,0.1779308170080185,0.9840427637100220,-0.0000000234054660,1.5870509147644043,-0.0000000015771292,0.0000000240701823,1.0000000000000000,0.0000000082770679,0.0000000000000000,0.0000000000000000,0.0000000000000000,1.0000000000000000
M 0.9837915897369385,-0.1793149262666702,0.0000000058802279,0.0588913746178150,0.1793149262666702,0.9837915897369385,-0.0000000233238389,1.5987724065780640,-0.0000000016026128,0.0000000240002276,1.0000000000000000,0.0000000081493869,0.0000000000000000,0.0000000000000000,0.0000000000000000,1.0000000000000000
M 0.9835361242294312,-0.1807103306055069,0.0000000059259708,0.0584570206701756,0.1807103306055069,0.9835361242294312,-0.0000000232415420,1.6105595827102661,-0.0000000016284339,0.0000000239298004,1.0000000000000000,0.0000000080195495,0.0000000000000000,0.0000000000000000,0.0000000000000000,1.0000000000000000
M 0.9832719564437866,-0.1821419596672058,0.0000000059730700,0.0579867847263813,0.1821419596672058,0.9832719564437866,-0.0000000231577015,1.6226155757904053,-0.0000000016551789,0.0000000238582842,1.0000000000000000,0.0000000078834486,0.0000000000000000,0.0000000000000000,0.0000000000000000,1.0000000000000000
M 0.9829943180084229,-0.1836345046758652,0.0000000060225736,0.0574684478342533,0.1836345046758652,0.9829943180084229,-0.0000000230714470,1.6351406574249268,-0.0000000016834585,0.0000000237850735,1.0000000000000000,0.0000000077369755,0.0000000000000000,0.0000000000000000,0.0000000000000000,1.0000000000000000
M 0.9826981425285339,-0.1852131187915802,0.0000000060755285,0.0568831600248814,0.1852131187915802,0.9826981425285339,-0.0000000229818671,1.6483401060104370,-0.0000000017138804,0.0000000237095286,1.0000000000000000,0.0000000075758742,0.0000000000000000,0.0000000000000000,0.0000000000000000,1.0000000000000000
M 0.9823783040046692,-0.1869022250175476,0.0000000061329519,0.0562141127884388,0.1869022250175476,0.9823783040046692,-0.0000000228880950,1.6624131202697754,-0.0000000017470485,0.0000000236310473,1.0000000000000000,0.0000000073960322,0.0000000000000000,0.0000000000000000,0.0000000000000000,1.0000000000000000
M 0.9820293784141541,-0.1887264996767044,0.0000000061958501,0.0554424263536930,0.1887264996767044,0.9820293784141541,-0.0000000227892230,1.6775606870651245,-0.0000000017835917,0.0000000235490276,1.0000000000000000,0.0000000071930142,0.0000000000000000,0.0000000000000000,0.0000000000000000,1.0000000000000000
M 0.9816459417343140,-0.1907112747430801,0.0000000061603442,0.0545484758913517,0.1907112747430801,0.9816459417343140,-0.0000000227954295,1.6939897537231445,-0.0000000016999360,0.0000000235519106,1.0000000000000000,0.0000000078590912,0.0000000000000000,0.0000000000000000,0.0000000000000000,1.0000000000000000
M 0.9810298681259155,-0.1938553154468536,0.0000000062708452,0.0530430860817432,0.1938553154468536,0.9810298681259155,-0.0000000226310704,1.7191636562347412,-0.0000000017647375,0.0000000234174173,1.0000000000000000,0.0000000074871824,0.0000000000000000,0.0000000000000000,0.0000000000000000,1.0000000000000000
M 0.9801865816116333,-0.1980751603841782,0.0000000064184373,0.0508926101028919,0.1980751603841782,0.9801865816116333,-0.0000000224097523,1.7522652149200439,-0.0000000018524540,0.0000000232370994,1.0000000000000000,0.0000000107071543,0.0000000000000000,0.0000000000000000,0.0000000000000000,1.0000000000000000
M 0.9794317483901978,-0.2017743289470673,0.0000000065471397,0.0488836355507374,0.2017743289470673,0.9794317483901978,-0.0000000222150618,1.7810771465301514,-0.0000000019300594,0.0000000230792114,1.0000000000000000,0.0000000102582938,0.0000000000000000,0.0000000000000000,0.0000000000000000,1.0000000000000000
M 0.9791035056114197,-0.2033608108758926,0.0000000063655019,0.0479860045015812,0.2033608108758926,0.9791035056114197,-0.0000000221613838,1.7933923006057739,-0.0000000017257464,0.0000000229928130,1.0000000000000000,0.0000000119868364,0.0000000000000000,0.0000000000000000,0.0000000000000000,1.0000000000000000
M 0.9791035056114197,-0.2033608108758926,0.0000000063655019,0.0479860045015812,0.2033608108758926,0.9791035056114197,-0.0000000221613838,1.7933923006057739,-0.0000000017257464,0.0000000229928130,1.0000000000000000,0.0000000119868364,0.0000000000000000,0.0000000000000000,0.0000000000000000,1.0000000000000000
M 0.9791035056114197,-0.2033608108758926,0.0000000063655019,0.0479860045015812,0.2033608108758926,0.9791035056114197,-0.0000000221613838,1.7933923006057739,-0.0000000017257464,0.0000000229928130,1.0000000000000000,0.0000000119868364,0.0000000000000000,0.0000000000000000,0.0000000000000000,1.0000000000000000
M 0.9791035056114197,-0.2033608108758926,0.0000000063655019,0.0479860045015812,0.2033608108758926,0.9791035056114197,-0.0000000221613838,1.7933923006057739,-0.0000000017257464,0.0000000229928130,1.0000000000000000,0.0000000119868364,0.0000000000000000,0.0000000000000000,0.0000000000000000,1.0000000000000000
M 0.9791035056114197,-0.2033608108758926,0.0000000063655019,0.0479860045015812,0.2033608108758926,0.9791035056114197,-0.0000000221613838,1.7933923006057739,-0.0000000017257464,0.0000000229928130,1.0000000000000000,0.0000000119868364,0.0000000000000000,0.0000000000000000,0.0000000000000000,1.0000000000000000
M 0.9791035056114197,-0.2033608108758926,0.0000000063655019,0.0479860045015812,0.2033608108758926,0.9791035056114197,-0.0000000221613838,1.7933923006057739,-0.0000000017257464,0.0000000229928130,1.0000000000000000,0.0000000119868364,0.0000000000000000,0.0000000000000000,0.0000000000000000,1.0000000000000000
M 0.9791035056114197,-0.2033608108758926,0.0000000063655019,0.0479860045015812,0.2033608108758926,0.9791035056114197,-0.0000000221613838,1.7933923006057739,-0.0000000017257464,0.0000000229928130,1.0000000000000000,0.0000000119868364,0.0000000000000000,0.0000000000000000,0.0000000000000000,1.0000000000000000
M 0.9791035056114197,-0.2033608108758926,0.0000000063655019,0.0479860045015812,0.2033608108758926,0.9791035056114197,-0.0000000221613838,1.7933923006057739,-0.0000000017257464,0.0000000229928130,1.0000000000000000,0.0000000119868364,0.0000000000000000,0.0000000000000000,0.0000000000000000,1.0000000000000000
M 0.9791035056114197,-0.2033608108758926,0.0000000063655019,0.0479860045015812,0.2033608108758926,0.9791035056114197,-0.0000000221613838,1.7933923006057739,-0.0000000017257464,0.0000000229928130,1.0000000000000000,0.0000000119868364,0.0000000000000000,0.0000000000000000,0.0000000000000000,1.0000000000000000
M 0.9791035056114197,-0.2033608108758926,0.0000000063655019,0.0479860045015812,0.2033608108758926,0.9791035056114197,-0.0000000221613838,1.7933923006057739,-0.0000000017257464,0.0000000229928130,1.0000000000000000,0.0000000119868364,0.0000000000000000,0.0000000000000000,0.0000000000000000,1.0000000000000000
M 0.9791035056114197,-0.2033608108758926,0.0000000063655019,0.0479860045015812,0.2033608108758926,0.9791035056114197,-0.0000000221613838,1.7933923006057739,-0.0000000017257464,0.0000000229928130,1.0000000000000000,0.0000000119868364,0.0000000000000000,0.0000000000000000,0.0000000000000000,1.0000000000000000
M 0.9791035056114197,-0.2033608108758926,0.0000000063655019,0.0479860045015812,0.2033608108758926,0.9791035056114197,-0.0000000221613838,1.7933923006057739,-0.0000000017257464,0.0000000229928130,1.0000000000000000,0.0000000119868364,0.0000000000000000,0.0000000000000000,0.0000000000000000,1.0000000000000000
M 0.9791035056114197,-0.2033608108758926,0.0000000063655019,0.0479860045015812,0.2033608108758926,0.9791035056114197,-0.0000000221613838,1.7933923006057739,-0.0000000017257464,0.0000000229928130,1.0000000000000000,0.0000000119868364,0.0000000000000000,0.0000000000000000,0.0000000000000000,1.0000000000000000
M 0.9791035056114197,-0.2033608108758926,0.0000000063655019,0.0479860045015812,0.2033608108758926,0.9791035056114197,-0.0000000221613838,1.7933923006057739,-0.0000000017257464,0.0000000229928130,1.0000000000000000,0.0000000119868364,0.0000000000000000,0.0000000000000000,0.0000000000000000,1.0000000000000000
M 0.9791035056114197,-0.2033608108758926,0.0000000063655019,0.0479860045015812,0.2033608108758926,0.9791035056114197,-0.0000000221613838,1.7933923006057739,-0.0000000017257464,0.0000000229928130,1.0000000000000000,0.0000000119868364,0.0000000000000000,0.0000000000000000,0.0000000000000000,1.0000000000000000
M 0.9791035056114197,-0.2033608108758926,0.0000000063655019,0.0479860045015812,0.2033608108758926,0.9791035056114197,-0.0000000221613838,1.7933923006057739,-0.0000000017257464,0.0000000229928130,1.0000000000000000,0.0000000119868364,0.0000000000000000,0.0000000000000000,0.0000000000000000,1.0000000000000000
M 0.9791035056114197,-0.2033608108758926,0.0000000063655019,0.0479860045015812,0.2033608108758926,0.9791035056114197,-0.0000000221613838,1.7933923006057739,-0.0000000017257464,0.0000000229928130,1.0000000000000000,0.0000000119868364,0.0000000000000000,0.0000000000000000,0.0000000000000000,1.0000000000000000
M 0.9791035056114197,-0.2033608108758926,0.0000000063655019,0.0479860045015812,0.2033608108758926,0.9791035056114197,-0.0000000221613838,1.7933923006057739,-0.0000000017257464,0.0000000229928130,1.0000000000000000,0.0000000119868364,0.0000000000000000,0.0000000000000000,0.0000000000000000,1.0000000000000000
M 0.9791035056114197,-0.2033608108758926,0.0000000063655019,0.0479860045015812,0.2033608108758926,0.9791035056114197,-0.0000000221613838,1.7933923006057739,-0.0000000017257464,0.0000000229928130,1.0000000000000000,0.0000000119868364,0.0000000000000000,0.0000000000000000,0.0000000000000000,1.0000000000000000
M 0.9791035056114197,-0.2033608108758926,0.0000000063655019,0.0479860045015812,0.2033608108758926,0.9791035056114197,-0.0000000221613838,1.7933923006057739,-0.0000000017257464,0.0000000229928130,1.0000000000000000,0.0000000119868364,0.0000000000000000,0.0000000000000000,0.0000000000000000,1.0000000000000000
M 0.9791035056114197,-0.2033608108758926,0.0000000063655019,0.0479860045015812,0.2033608108758926,0.9791035056114197,-0.0000000221613838,1.7933923006057739,-0.0000000017257464,0.0000000229928130,1.0000000000000000,0.0000000119868364,0.0000000000000000,0.0000000000000000,0.0000000000000000,1.0000000000000000
M 0.9791035056114197,-0.2033608108758926,0.0000000063655019,0.0479860045015812,0.2033608108758926,0.9791035056114197,-0.0000000221613838,1.7933923006057739,-0.0000000017257464,0.0000000229928130,1.0000000000000000,0.0000000119868364,0.0000000000000000,0.0000000000000000,0.0000000000000000,1.0000000000000000
M 0.9791035056114197,-0.2033608108758926,0.0000000063655019,0.0479860045015812,0.2033608108758926,0.9791035056114197,-0.0000000221613838,1.7933923006057739,-0.0000000017257464,0.0000000229928130,1.0000000000000000,0.0000000119868364,0.0000000000000000,0.0000000000000000,0.0000000000000000,1.0000000000000000
M 0.9791035056114197,-0.2033608108758926,0.0000000063655019,0.0479860045015812,0.2033608108758926,0.9791035056114197,-0.0000000221613838,1.7933923006057739,-0.0000000017257464,0.0000000229928130,1.0000000000000000,0.0000000119868364,0.0000000000000000,0.0000000000000000,0.0000000000000000,1.0000000000000000
M 0.9791035056114197,-0.2033608108758926,0.0000000063655019,0.0479860045015812,0.2033608108758926,0.9791035056114197,-0.0000000221613838,1.7933923006057739,-0.0000000017257464,0.0000000229928130,1.0000000000000000,0.0000000119868364,0.0000000000000000,0.0000000000000000,0.0000000000000000,1.0000000000000000
M 0.9791035056114197,-0.2033608108758926,0.0000000063655019,0.0479860045015812,0.2033608108758926,0.9791035056114197,-0.0000000221613838,1.7933923006057739,-0.0000000017257464,0.0000000229928130,1.0000000000000000,0.0000000119868364,0.0000000000000000,0.0000000000000000,0.0000000000000000,1.0000000000000000
M 0.9791035056114197,-0.2033608108758926,0.0000000063655019,0.0479860045015812,0.2033608108758926,0.9791035056114197,-0.0000000221613838,1.7933923006057739,-0.0000000017257464,0.0000000229928130,1.0000000000000000,0.0000000119868364,0.0000000000000000,0.0000000000000000,0.0000000000000000,1.0000000000000000
M 0.9791035056114197,-0.2033608108758926,0.0000000063655019,0.0479860045015812,0.2033608108758926,0.9791035056114197,-0.0000000221613838,1.7933923006057739,-0.0000000017257464,0.0000000229928130,1.0000000000000000,0.0000000119868364,0.0000000000000000,0.0000000000000000,0.0000000000000000,1.0000000000000000
M 0.9791035056114197,-0.2033608108758926,0.0000000063655019,0.0479860045015812,0.2033608108758926,0.9791035056114197,-0.0000000221613838,1.7933923006057739,-0.0000000017257464,0.0000000229928130,1.0000000000000000,0.0000000119868364,0.0000000000000000,0.0000000000000000,0.0000000000000000,1.0000000000000000
M 0.9791035056114197,-0.2033608108758926,0.0000000063655019,0.0479860045015812,0.2033608108758926,0.9791035056114197,-0.0000000221613838,1.7933923006057739,-0.0000000017257464,0.0000000229928130,1.0000000000000000,0.0000000119868364,0.0000000000000000,0.0000000000000000,0.0000000000000000,1.0000000000000000
M 0.9791035056114197,-0.2033608108758926,0.0000000063655019,0.0479860045015812,0.2033608108758926,0.9791035056114197,-0.0000000221613838,1.7933923006057739,-0.0000000017257464,0.0000000229928130,1.0000000000000000,0.0000000119868364,0.0000000000000000,0.0000000000000000,0.0000000000000000,1.0000000000000000
M 0.9791035056114197,-0.2033608108758926,0.0000000063655019,0.0479860045015812,0.2033608108758926,0.9791035056114197,-0.0000000221613838,1.7933923006057739,-0.0000000017257464,0.0000000229928130,1.0000000000000000,0.0000000119868364,0.0000000000000000,0.0000000000000000,0.0000000000000000,1.0000000000000000
M 0.9791035056114197,-0.2033608108758926,0.0000000063655019,0.0479860045015812,0.2033608108758926,0.9791035056114197,-0.0000000221613838,1.7933923006057739,-0.0000000017257464,0.0000000229928130,1.0000000000000000,0.0000000119868364,0.0000000000000000,0.0000000000000000,0.0000000000000000,1.0000000000000000
M 0.9791035056114197,-0.2033608108758926,0.0000000063655019,0.0479860045015812,0.2033608108758926,0.9791035056114197,-0.0000000221613838,1.7933923006057739,-0.0000000017257464,0.0000000229928130,1.0000000000000000,0.0000000119868364,0.0000000000000000,0.0000000000000000,0.0000000000000000,1.0000000000000000
M 0.9791035056114197,-0.2033608108758926,0.0000000063655019,0.0479860045015812,0.2033608108758926,0.9791035056114197,-0.0000000221613838,1.7933923006057739,-0.0000000017257464,0.0000000229928130,1.0000000000000000,0.0000000119868364,0.0000000000000000,0.0000000000000000,0.0000000000000000,1.0000000000000000
M 0.9791035056114197,-0.2033608108758926,0.0000000063655019,0.0479860045015812,0.2033608108758926,0.9791035056114197,-0.0000000221613838,1.7933923006057739,-0.0000000017257464,0.0000000229928130,1.0000000000000000,0.0000000119868364,0.0000000000000000,0.0000000000000000,0.0000000000000000,1.0000000000000000
M 0.9791035056114197,-0.2033608108758926,0.0000000063655019,0.0479860045015812,0.2033608108758926,0.9791035056114197,-0.0000000221613838,1.7933923006057739,-0.0000000017257464,0.0000000229928130,1.0000000000000000,0.0000000119868364,0.0000000000000000,0.0000000000000000,0.0000000000000000,1.0000000000000000
M 0.9791035056114197,-0.2033608108758926,0.0000000063655019,0.0479860045015812,0.2033608108758926,0.9791035056114197,-0.0000000221613838,1.7933923006057739,-0.0000000017257464,0.0000000229928130,1.0000000000000000,0.0000000119868364,0.0000000000000000,0.0000000000000000,0.0000000000000000,1.0000000000000000
M 0.9791035056114197,-0.2033608108758926,0.0000000063655019,0.0479860045015812,0.2033608108758926,0.9791035056114197,-0.0000000221613838,1.7933923006057739,-0.0000000017257464,0.0000000229928130,1.0000000000000000,0.0000000119868364,0.0000000000000000,0.0000000000000000,0.0000000000000000,1.0000000000000000
M 0.9791035056114197,-0.2033608108758926,0.0000000063655019,0.0479860045015812,0.2033608108758926,0.9791035056114197,-0.0000000221613838,1.7933923006057739,-0.0000000017257464,0.0000000229928130,1.0000000000000000,0.0000000119868364,0.0000000000000000,0.0000000000000000,0.0000000000000000,1.0000000000000000
M 0.9791035056114197,-0.2033608108758926,0.0000000063655019,0.0479860045015812,0.2033608108758926,0.9791035056114197,-0.0000000221613838,1.7933923006057739,-0.0000000017257464,0.0000000229928130,1.0000000000000000,0.0000000119868364,0.0000000000000000,0.0000000000000000,0.0000000000000000,1.0000000000000000
M 0.9791035056114197,-0.2033608108758926,0.0000000063655019,0.0479860045015812,0.2033608108758926,0.9791035056114197,-0.0000000221613838,1.7933923006057739,-0.0000000017257464,0.0000000229928130,1.0000000000000000,0.0000000119868364,0.0000000000000000,0.0000000000000000,0.0000000000000000,1.0000000000000000
M 0.9791035056114197,-0.2033608108758926,0.0000000063655019,0.0479860045015812,0.2033608108758926,0.9791035056114197,-0.0000000221613838,1.7933923006057739,-0.0000000017257464,0.0000000229928130,1.0000000000000000,0.0000000119868364,0.0000000000000000,0.0000000000000000,0.0000000000000000,1.0000000000000000
M 0.9791035056114197,-0.2033608108758926,0.0000000063655019,0.0479860045015812,0.2033608108758926,0.9791035056114197,-0.0000000221613838,1.7933923006057739,-0.0000000017257464,0.0000000229928130,1.0000000000000000,0.0000000119868364,0.0000000000000000,0.0000000000000000,0.0000000000000000,1.0000000000000000
M 0.9791035056114197,-0.2033608108758926,0.0000000063655019,0.0479860045015812,0.2033608108758926,0.9791035056114197,-0.0000000221613838,1.7933923006057739,-0.0000000017257464,0.0000000229928130,1.0000000000000000,0.0000000119868364,0.0000000000000000,0.0000000000000000,0.0000000000000000,1.0000000000000000
M 0.9791035056114197,-0.2033608108758926,0.0000000063655019,0.0479860045015812,0.2033608108758926,0.9791035056114197,-0.0000000221613838,1.7933923006057739,-0.0000000017257464,0.0000000229928130,1.0000000000000000,0.0000000119868364,0.0000000000000000,0.0000000000000000,0.0000000000000000,1.0000000000000000
M 0.9791035056114197,-0.2033608108758926,0.0000000063655019,0.0479860045015812,0.2033608108758926,0.9791035056114197,-0.0000000221613838,1.7933923006057739,-0.0000000017257464,0.0000000229928130,1.0000000000000000,0.0000000119868364,0.0000000000000000,0.0000000000000000,0.0000000000000000,1.0000000000000000
M 0.9791035056114197,-0.2033608108758926,0.0000000063655019,0.0479860045015812,0.2033608108758926,0.9791035056114197,-0.0000000221613838,1.7933923006057739,-0.0000000017257464,0.0000000229928130,1.0000000000000000,0.0000000119868364,0.0000000000000000,0.0000000000000000,0.0000000000000000,1.0000000000000000
M 0.9791035056114197,-0.2033608108758926,0.0000000063655019,0.0479860045015812,0.2033608108758926,0.9791035056114197,-0.0000000221613838,1.7933923006057739,-0.0000000017257464,0.0000000229928130,1.0000000000000000,0.0000000119868364,0.0000000000000000,0.0000000000000000,0.0000000000000000,1.0000000000000000
M 0.9791035056114197,-0.2033608108758926,0.0000000063655019,0.0479860045015812,0.2033608108758926,0.9791035056114197,-0.0000000221613838,1.7933923006057739,-0.0000000017257464,0.0000000229928130,1.0000000000000000,0.0000000119868364,0.0000000000000000,0.0000000000000000,0.0000000000000000,1.0000000000000000
M 0.9791035056114197,-0.2033608108758926,0.0000000063655019,0.0479860045015812,0.2033608108758926,0.9791035056114197,-0.0000000221613838,1.7933923006057739,-0.0000000017257464,0.0000000229928130,1.0000000000000000,0.0000000119868364,0.0000000000000000,0.0000000000000000,0.0000000000000000,1.0000000000000000
M 0.9791035056114197,-0.2033608108758926,0.0000000063655019,0.0479860045015812,0.2033608108758926,0.9791035056114197,-0.0000000221613838,1.7933923006057739,-0.0000000017257464,0.0000000229928130,1.0000000000000000,0.0000000119868364,0.0000000000000000,0.0000000000000000,0.0000000000000000,1.0000000000000000
M 0.9791035056114197,-0.2033608108758926,0.0000000063655019,0.0479860045015812,0.2033608108758926,0.9791035056114197,-0.0000000221613838,1.7933923006057739,-0.0000000017257464,0.0000000229928130,1.0000000000000000,0.0000000119868364,0.0000000000000000,0.0000000000000000,0.0000000000000000,1.0000000000000000
M 0.9791035056114197,-0.2033608108758926,0.0000000063655019,0.0479860045015812,0.2033608108758926,0.9791035056114197,-0.0000000221613838,1.7933923006057739,-0.0000000017257464,0.0000000229928130,1.0000000000000000,0.0000000119868364,0.0000000000000000,0.0000000000000000,0.0000000000000000,1.0000000000000000
M 0.9791035056114197,-0.2033608108758926,0.0000000063655019,0.0479860045015812,0.2033608108758926,0.9791035056114197,-0.0000000221613838,1.7933923006057739,-0.0000000017257464,0.0000000229928130,1.0000000000000000,0.0000000119868364,0.0000000000000000,0.0000000000000000,0.0000000000000000,1.0000000000000000
M 0.9791035056114197,-0.2033608108758926,0.0000000063655019,0.0479860045015812,0.2033608108758926,0.9791035056114197,-0.0000000221613838,1.7933923006057739,-0.0000000017257464,0.0000000229928130,1.0000000000000000,0.0000000119868364,0.0000000000000000,0.0000000000000000,0.0000000000000000,1.0000000000000000
M 0.9791035056114197,-0.2033608108758926,0.0000000063655019,0.0479860045015812,0.2033608108758926,0.9791035056114197,-0.0000000221613838,1.7933923006057739,-0.0000000017257464,0.0000000229928130,1.0000000000000000,0.0000000119868364,0.0000000000000000,0.0000000000000000,0.0000000000000000,1.0000000000000000
M 0.9791035056114197,-0.2033608108758926,0.0000000063655019,0.0479860045015812,0.2033608108758926,0.9791035056114197,-0.0000000221613838,1.7933923006057739,-0.0000000017257464,0.0000000229928130,1.0000000000000000,0.0000000119868364,0.0000000000000000,0.0000000000000000,0.0000000000000000,1.0000000000000000
M 0.9791035056114197,-0.2033608108758926,0.0000000063655019,0.0479860045015812,0.2033608108758926,0.9791035056114197,-0.0000000221613838,1.7933923006057739,-0.0000000017257464,0.0000000229928130,1.0000000000000000,0.0000000119868364,0.0000000000000000,0.0000000000000000,0.0000000000000000,1.0000000000000000
M 0.9791035056114197,-0.2033608108758926,0.0000000063655019,0.0479860045015812,0.2033608108758926,0.9791035056114197,-0.0000000221613838,1.7933923006057739,-0.0000000017257464,0.0000000229928130,1.0000000000000000,0.0000000119868364,0.0000000000000000,0.0000000000000000,0.0000000000000000,1.0000000000000000
M 0.9791035056114197,-0.2033608108758926,0.0000000063655019,0.0479860045015812,0.2033608108758926,0.9791035056114197,-0.0000000221613838,1.7933923006057739,-0.0000000017257464,0.0000000229928130,1.0000000000000000,0.0000000119868364,0.0000000000000000,0.0000000000000000,0.0000000000000000,1.0000000000000000
M 0.9791035056114197,-0.2033608108758926,0.0000000063655019,0.0479860045015812,0.2033608108758926,0.9791035056114197,-0.0000000221613838,1.7933923006057739,-0.0000000017257464,0.0000000229928130,1.0000000000000000,0.0000000119868364,0.0000000000000000,0.0000000000000000,0.0000000000000000,1.0000000000000000
M 0.9791035056114197,-0.2033608108758926,0.0000000063655019,0.0479860045015812,0.2033608108758926,0.9791035056114197,-0.0000000221613838,1.7933923006057739,-0.0000000017257464,0.0000000229928130,1.0000000000000000,0.0000000119868364,0.0000000000000000,0.0000000000000000,0.0000000000000000,1.0000000000000000
M 0.9791035056114197,-0.2033608108758926,0.0000000063655019,0.0479860045015812,0.2033608108758926,0.9791035056114197,-0.0000000221613838,1.7933923006057739,-0.0000000017257464,0.0000000229928130,1.0000000000000000,0.0000000119868364,0.0000000000000000,0.0000000000000000,0.0000000000000000,1.0000000000000000
M 0.9791035056114197,-0.2033608108758926,0.0000000063655019,0.0479860045015812,0.2033608108758926,0.9791035056114197,-0.0000000221613838,1.7933923006057739,-0.0000000017257464,0.0000000229928130,1.0000000000000000,0.0000000119868364,0.0000000000000000,0.0000000000000000,0.0000000000000000,1.0000000000000000
M 0.9791035056114197,-0.2033608108758926,0.0000000063655019,0.0479860045015812,0.2033608108758926,0.9791035056114197,-0.0000000221613838,1.7933923006057739,-0.0000000017257464,0.0000000229928130,1.0000000000000000,0.0000000119868364,0.0000000000000000,0.0000000000000000,0.0000000000000000,1.0000000000000000
M 0.9791035056114197,-0.2033608108758926,0.0000000063655019,0.0479860045015812,0.2033608108758926,0.9791035056114197,-0.0000000221613838,1.7933923006057739,-0.0000000017257464,0.0000000229928130,1.0000000000000000,0.0000000119868364,0.0000000000000000,0.0000000000000000,0.0000000000000000,1.0000000000000000
M 0.9791035056114197,-0.2033608108758926,0.0000000063655019,0.0479860045015812,0.2033608108758926,0.9791035056114197,-0.0000000221613838,1.7933923006057739,-0.0000000017257464,0.0000000229928130,1.0000000000000000,0.0000000119868364,0.0000000000000000,0.0000000000000000,0.0000000000000000,1.0000000000000000
M 0.9791035056114197,-0.2033608108758926,0.0000000063655019,0.0479860045015812,0.2033608108758926,0.9791035056114197,-0.0000000221613838,1.7933923006057739,-0.0000000017257464,0.0000000229928130,1.0000000000000000,0.0000000119868364,0.0000000000000000,0.0000000000000000,0.0000000000000000,1.0000000000000000
M 0.9791035056114197,-0.2033608108758926,0.0000000063655019,0.0479860045015812,0.2033608108758926,0.9791035056114197,-0.0000000221613838,1.7933923006057739,-0.0000000017257464,0.0000000229928130,1.0000000000000000,0.0000000119868364,0.0000000000000000,0.0000000000000000,0.0000000000000000,1.0000000000000000
M 0.9791035056114197,-0.2033608108758926,0.0000000063655019,0.0479860045015812,0.2033608108758926,0.9791035056114197,-0.0000000221613838,1.7933923006057739,-0.0000000017257464,0.0000000229928130,1.0000000000000000,0.0000000119868364,0.0000000000000000,0.0000000000000000,0.0000000000000000,1.0000000000000000
M 0.9791035056114197,-0.2033608108758926,0.0000000063655019,0.0479860045015812,0.2033608108758926,0.9791035056114197,-0.0000000221613838,1.7933923006057739,-0.0000000017257464,0.0000000229928130,1.0000000000000000,0.0000000119868364,0.0000000000000000,0.0000000000000000,0.0000000000000000,1.0000000000000000
M 0.9791035056114197,-0.2033608108758926,0.0000000063655019,0.0479860045015812,0.2033608108758926,0.9791035056114197,-0.0000000221613838,1.7933923006057739,-0.0000000017257464,0.0000000229928130,1.0000000000000000,0.0000000119868364,0.0000000000000000,0.0000000000000000,0.0000000000000000,1.0000000000000000
M 0.9791035056114197,-0.2033608108758926,0.0000000063655019,0.0479860045015812,0.2033608108758926,0.9791035056114197,-0.0000000221613838,1.7933923006057739,-0.0000000017257464,0.0000000229928130,1.0000000000000000,0.0000000119868364,0.0000000000000000,0.0000000000000000,0.0000000000000000,1.0000000000000000
M 0.9791035056114197,-0.2033608108758926,0.0000000063655019,0.0479860045015812,0.2033608108758926,0.9791035056114197,-0.0000000221613838,1.7933923006057739,-0.0000000017257464,0.0000000229928130,1.0000000000000000,0.0000000119868364,0.0000000000000000,0.0000000000000000,0.0000000000000000,1.0000000000000000
M 0.9791035056114197,-0.2033608108758926,0.0000000063655019,0.0479860045015812,0.2033608108758926,0.9791035056114197,-0.0000000221613838,1.7933923006057739,-0.0000000017257464,0.0000000229928130,1.0000000000000000,0.0000000119868364,0.0000000000000000,0.0000000000000000,0.0000000000000000,1.0000000000000000
