O WIDGET_125
A WIDGET_125_WIDGET_125
M 1.0000000000000000,0.0000000000000000,0.0000000000000036,0.0000010380038020,0.0000000000000000,1.0000000000000000,-0.0000000437113883,0.0000001112920245,-0.0000000000000036,0.0000000437113883,1.0000000000000000,-0.0000000004973835,0.0000000000000000,0.0000000000000000,0.0000000000000000,1.0000000000000000
M 1.0000000000000000,0.0000000000000000,0.0000000000000036,0.0000010380038020,0.0000000000000000,1.0000000000000000,-0.0000000437113883,0.0000001112920245,-0.0000000000000036,0.0000000437113883,1.0000000000000000,-0.0000000004973835,0.0000000000000000,0.0000000000000000,0.0000000000000000,1.0000000000000000
M 0.9999994039535522,0.0009557885350659,-0.0000000000415905,-0.0004677029792219,-0.0009557885350659,0.9999994039535522,-0.0000000437323031,0.0078612267971039,-0.0000000000001954,0.0000000437323173,1.0000000000000000,-0.0000000005186440,0.0000000000000000,0.0000000000000000,0.0000000000000000,1.0000000000000000
M 0.9999929070472717,0.0037190152797848,-0.0000000001597709,-0.0018124843481928,-0.0037190152797848,0.9999929070472717,-0.0000000437921948,0.0306254383176565,-0.0000000000030909,0.0000000437925110,1.0000000000000000,-0.0000000005610362,0.0000000000000000,0.0000000000000000,0.0000000000000000,1.0000000000000000
M 0.9999670982360840,0.0081342235207558,-0.0000000003422497,-0.0039274175651371,-0.0081342235207558,0.9999670982360840,-0.0000000438864447,0.0671129077672958,-0.0000000000147544,0.0000000438877663,1.0000000000000000,-0.0000000005714699,0.0000000000000000,0.0000000000000000,0.0000000000000000,1.0000000000000000
M 0.9999012351036072,0.0140457348898053,-0.0000000005743706,-0.0066887303255498,-0.0140457348898053,0.9999012351036072,-0.0000000440097345,0.1161876842379570,-0.0000000000438405,0.0000000440134471,1.0000000000000000,-0.0000000004756603,0.0000000000000000,0.0000000000000000,0.0000000000000000,1.0000000000000000
M 0.9997730255126953,0.0212978869676590,-0.0000000008402629,-0.0099755283445120,-0.0212978869676590,0.9997730255126953,-0.0000000441561845,0.1767344325780869,-0.0000000001003429,0.0000000441640751,1.0000000000000000,-0.0000000001877180,0.0000000000000000,0.0000000000000000,0.0000000000000000,1.0000000000000000
M 0.9995576143264771,0.0297335162758827,-0.0000000011236491,-0.0136543158441782,-0.0297335162758827,0.9995576143264771,-0.0000000443192505,0.2476328760385513,-0.0000000001945999,0.0000000443330812,1.0000000000000000,0.0000000003822460,0.0000000000000000,0.0000000000000000,0.0000000000000000,1.0000000000000000
M 0.9992313385009766,0.0391964614391327,-0.0000000014088782,-0.0176046136766672,-0.0391964614391327,0.9992313385009766,-0.0000000444916175,0.3277603685855865,-0.0000000003361081,0.0000000445126496,1.0000000000000000,-0.0000000024065738,0.0000000000000000,0.0000000000000000,0.0000000000000000,1.0000000000000000
M 0.9987726807594299,0.0495294407010078,-0.0000000016815720,-0.0217051859945059,-0.0495294407010078,0.9987726807594299,-0.0000000446653665,0.4159602224826813,-0.0000000005327543,0.0000000446938380,1.0000000000000000,-0.0000000047560809,0.0000000000000000,0.0000000000000000,0.0000000000000000,1.0000000000000000
M 0.9981635212898254,0.0605746433138847,-0.0000000019292794,-0.0258456822484732,-0.0605746433138847,0.9981635212898254,-0.0000000448322872,0.5110353827476501,-0.0000000007899531,0.0000000448668409,1.0000000000000000,-0.0000000028869669,0.0000000000000000,0.0000000000000000,0.0000000000000000,1.0000000000000000
M 0.9973917007446289,0.0721745267510414,-0.0000000021421334,-0.0299203153699636,-0.0721745267510414,0.9973917007446289,-0.0000000449841373,0.6117438673973083,-0.0000000011101414,0.0000000450214444,1.0000000000000000,-0.0000000004939243,0.0000000000000000,0.0000000000000000,0.0000000000000000,1.0000000000000000
M 0.9964509606361389,0.0841712877154350,-0.0000000023130582,-0.0338316224515438,-0.0841712877154350,0.9964509606361389,-0.0000000451130937,0.7167887091636658,-0.0000000014923601,0.0000000451477185,1.0000000000000000,0.0000000061514789,0.0000000000000000,0.0000000000000000,0.0000000000000000,1.0000000000000000
M 0.9953417778015137,0.0964072346687317,-0.0000000024380635,-0.0374927334487438,-0.0964072346687317,0.9953417778015137,-0.0000000452122286,0.8248180747032166,-0.0000000019320689,0.0000000452366749,1.0000000000000000,0.0000000095721795,0.0000000000000000,0.0000000000000000,0.0000000000000000,1.0000000000000000
M 0.9940717220306396,0.1087249517440796,-0.0000000025161948,-0.0408232845366001,-0.1087249517440796,0.9940717220306396,-0.0000000452759217,0.9344248771667480,-0.0000000024213309,0.0000000452811015,1.0000000000000000,0.0000000171630390,0.0000000000000000,0.0000000000000000,0.0000000000000000,1.0000000000000000
M 0.9926564693450928,0.1209673285484314,-0.0000000025494664,-0.0437446646392345,-0.1209673285484314,0.9926564693450928,-0.0000000453004212,1.0441511869430542,-0.0000000029491185,0.0000000452761526,1.0000000000000000,0.0000000176652968,0.0000000000000000,0.0000000000000000,0.0000000000000000,1.0000000000000000
M 0.9911187887191772,0.1329797059297562,-0.0000000025425857,-0.0462067238986492,-0.1329797059297562,0.9911187887191772,-0.0000000452839828,1.1525107622146606,-0.0000000035018355,0.0000000452199203,1.0000000000000000,0.0000000221481340,0.0000000000000000,0.0000000000000000,0.0000000000000000,1.0000000000000000
M 0.9894892573356628,0.1446068733930588,-0.0000000025025138,-0.0481552891433239,-0.1446068733930588,0.9894892573356628,-0.0000000452272886,1.2579731941223145,-0.0000000040639705,0.0000000451137865,1.0000000000000000,0.0000000230353709,0.0000000000000000,0.0000000000000000,0.0000000000000000,1.0000000000000000
M 0.9878050684928894,0.1556948125362396,-0.0000000024379654,-0.0495652221143246,-0.1556948125362396,0.9878050684928894,-0.0000000451334294,1.3589864969253540,-0.0000000046188084,0.0000000449626185,1.0000000000000000,0.0000000276385688,0.0000000000000000,0.0000000000000000,0.0000000000000000,1.0000000000000000
M 0.9861101508140564,0.1660923063755035,-0.0000000023590072,-0.0504372976720333,-0.1660923063755035,0.9861101508140564,-0.0000000450077522,1.4540015459060669,-0.0000000051492002,0.0000000447744064,1.0000000000000000,0.0000000320865716,0.0000000000000000,0.0000000000000000,0.0000000000000000,1.0000000000000000
M 0.9844530224800110,0.1756485104560852,-0.0000000022764044,-0.0507812760770321,-0.1756485104560852,0.9844530224800110,-0.0000000448576145,1.5414617061614990,-0.0000000056381531,0.0000000445600463,1.0000000000000000,0.0000000325062217,0.0000000000000000,0.0000000000000000,0.0000000000000000,1.0000000000000000
M 0.9828860759735107,0.1842135787010193,-0.0000000022011704,-0.0506375692784786,-0.1842135787010193,0.9828860759735107,-0.0000000446919088,1.6198166608810425,-0.0000000060693424,0.0000000443325554,1.0000000000000000,0.0000000399286719,0.0000000000000000,0.0000000000000000,0.0000000000000000,1.0000000000000000
M 0.9814656972885132,0.1916381120681763,-0.0000000021440996,-0.0500704310834408,-0.1916381120681763,0.9814656972885132,-0.0000000445205508,1.6875256299972534,-0.0000000064274737,0.0000000441062866,1.0000000000000000,0.0000000430400640,0.0000000000000000,0.0000000000000000,0.0000000000000000,1.0000000000000000
M 0.9802470207214355,0.1977759152650833,-0.0000000021153919,-0.0491543076932430,-0.1977759152650833,0.9802470207214355,-0.0000000443533743,1.7430893182754517,-0.0000000066984072,0.0000000438956640,1.0000000000000000,0.0000000454368383,0.0000000000000000,0.0000000000000000,0.0000000000000000,1.0000000000000000
M 0.9792867898941040,0.2024775594472885,0.0000000003225678,-0.0479982458055019,-0.2024775594472885,0.9792867898941040,-0.0000000492846048,1.7849960327148438,-0.0000000102949116,0.0000000481984550,1.0000000000000000,0.0000000732471008,0.0000000000000000,0.0000000000000000,0.0000000000000000,1.0000000000000000
M 0.9791035056114197,0.2033608108758926,-0.0000000095860404,-0.0479859970510006,-0.2033608108758926,0.9791035056114197,-0.0000000456562006,1.7933923006057739,0.0000000001010638,0.0000000466516106,1.0000000000000000,-0.0000000082333989,0.0000000000000000,0.0000000000000000,0.0000000000000000,1.0000000000000000
M 0.9801031351089478,0.1984880566596985,-0.0000000094156603,-0.0506527833640575,-0.1984880566596985,0.9801031351089478,-0.0000000459103084,1.7536104917526245,0.0000000001156832,0.0000000468657539,1.0000000000000000,-0.0000000048582605,0.0000000000000000,0.0000000000000000,0.0000000000000000,1.0000000000000000
M 0.9811866283416748,0.1930605024099350,-0.0000000092228518,-0.0533485524356365,-0.1930605024099350,0.9811866283416748,-0.0000000461879068,1.7095376253128052,0.0000000001322886,0.0000000470995509,1.0000000000000000,-0.0000000052457283,0.0000000000000000,0.0000000000000000,0.0000000000000000,1.0000000000000000
M 0.9822486042976379,0.1875827610492706,-0.0000000090255368,-0.0557836852967739,-0.1875827610492706,0.9822486042976379,-0.0000000464634340,1.6648172140121460,0.0000000001495974,0.0000000473316994,1.0000000000000000,-0.0000000056370042,0.0000000000000000,0.0000000000000000,0.0000000000000000,1.0000000000000000
M 0.9831947088241577,0.1825598478317261,-0.0000000088421412,-0.0577705167233944,-0.1825598478317261,0.9831947088241577,-0.0000000467117935,1.6232850551605225,0.0000000001658510,0.0000000475410182,1.0000000000000000,-0.0000000059950298,0.0000000000000000,0.0000000000000000,0.0000000000000000,1.0000000000000000
M 0.9839414358139038,0.1784907430410385,-0.0000000086912753,-0.0591858439147472,-0.1784907430410385,0.9839414358139038,-0.0000000469086316,1.5893410444259644,0.0000000001789570,0.0000000477066813,1.0000000000000000,-0.0000000062802985,0.0000000000000000,0.0000000000000000,0.0000000000000000,1.0000000000000000
M 0.9844124317169189,0.1758745163679123,-0.0000000083550278,-0.0599762313067913,-0.1758745163679123,0.9844124317169189,-0.0000000470580446,1.5674921274185181,-0.0000000000515076,0.0000000477939750,1.0000000000000000,-0.0000000045317132,0.0000000000000000,0.0000000000000000,0.0000000000000000,1.0000000000000000
M 0.9846988320350647,0.1742629855871201,-0.0000000082919325,-0.0603959523141384,-0.1742629855871201,0.9846988320350647,-0.0000000471280330,1.5541450977325439,-0.0000000000476031,0.0000000478519340,1.0000000000000000,-0.0000000046260680,0.0000000000000000,0.0000000000000000,0.0000000000000000,1.0000000000000000
M 0.9849258661270142,0.1729747205972672,-0.0000000082412877,-0.0607109628617764,-0.1729747205972672,0.9849258661270142,-0.0000000471835797,1.5435074567794800,-0.0000000000444767,0.0000000478979061,1.0000000000000000,-0.0000000009758572,0.0000000000000000,0.0000000000000000,0.0000000000000000,1.0000000000000000
M 0.9850687980651855,0.1721591204404831,-0.0000000082090192,-0.0609022490680218,-0.1721591204404831,0.9850687980651855,-0.0000000472182222,1.5367904901504517,-0.0000000000425867,0.0000000479264948,1.0000000000000000,-0.0000000010221157,0.0000000000000000,0.0000000000000000,0.0000000000000000,1.0000000000000000
M 0.9851027131080627,0.1719658374786377,-0.0000000080960385,-0.0609373115003109,-0.1719658374786377,0.9851027131080627,-0.0000000473365915,1.5352075099945068,-0.0000000001648320,0.0000000480236757,1.0000000000000000,-0.0000000076005993,0.0000000000000000,0.0000000000000000,0.0000000000000000,1.0000000000000000
M 0.9850387573242188,0.1723316609859467,-0.0000000081097804,-0.0608374290168285,-0.1723316609859467,0.9850387573242188,-0.0000000473191974,1.5383800268173218,-0.0000000001661252,0.0000000480088431,1.0000000000000000,-0.0000000075740738,0.0000000000000000,0.0000000000000000,0.0000000000000000,1.0000000000000000
M 0.9849138259887695,0.1730452030897141,-0.0000000081370555,-0.0606532506644726,-0.1730452030897141,0.9849138259887695,-0.0000000472864450,1.5446588993072510,-0.0000000001683918,0.0000000479811639,1.0000000000000000,-0.0000000038005314,0.0000000000000000,0.0000000000000000,0.0000000000000000,1.0000000000000000
M 0.9847392439842224,0.1740343570709229,-0.0000000081750349,-0.0603930167853832,-0.1740343570709229,0.9847392439842224,-0.0000000472415600,1.5533573627471924,-0.0000000001713548,0.0000000479433915,1.0000000000000000,-0.0000000037356642,0.0000000000000000,0.0000000000000000,0.0000000000000000,1.0000000000000000
M 0.9845280051231384,0.1752264201641083,-0.0000000082209457,-0.0600719414651394,-0.1752264201641083,0.9845280051231384,-0.0000000471878714,1.5637801885604858,-0.0000000001747903,0.0000000478983324,1.0000000000000000,-0.0000000036591037,0.0000000000000000,0.0000000000000000,0.0000000000000000,1.0000000000000000
M 0.9842914342880249,0.1765493452548981,-0.0000000082719867,-0.0597026608884335,-0.1765493452548981,0.9842914342880249,-0.0000000471286050,1.5752409696578979,-0.0000000001784567,0.0000000478487330,1.0000000000000000,-0.0000000035757841,0.0000000000000000,0.0000000000000000,0.0000000000000000,1.0000000000000000
M 0.9840427637100220,0.1779308170080185,-0.0000000083253919,-0.0593055896461010,-0.1779308170080185,0.9840427637100220,-0.0000000470670827,1.5870509147644043,-0.0000000001821266,0.0000000477973892,1.0000000000000000,-0.0000000034905057,0.0000000000000000,0.0000000000000000,0.0000000000000000,1.0000000000000000
M 0.9837915897369385,0.1793149262666702,-0.0000000083789899,-0.0588913671672344,-0.1793149262666702,0.9837915897369385,-0.0000000470057415,1.5987724065780640,-0.0000000001856403,0.0000000477463509,1.0000000000000000,-0.0000000034068126,0.0000000000000000,0.0000000000000000,0.0000000000000000,1.0000000000000000
M 0.9835361242294312,0.1807103306055069,-0.0000000084329077,-0.0584570132195950,-0.1807103306055069,0.9835361242294312,-0.0000000469437182,1.6105595827102661,-0.0000000001891361,0.0000000476947832,1.0000000000000000,-0.0000000033226804,0.0000000000000000,0.0000000000000000,0.0000000000000000,1.0000000000000000
M 0.9832719564437866,0.1821419596672058,-0.0000000084878655,-0.0579867772758007,-0.1821419596672058,0.9832719564437866,-0.0000000468793075,1.6226155757904053,-0.0000000001927883,0.0000000476411373,1.0000000000000000,-0.0000000032350393,0.0000000000000000,0.0000000000000000,0.0000000000000000,1.0000000000000000
M 0.9829943180084229,0.1836345046758652,-0.0000000085445704,-0.0574684403836727,-0.1836345046758652,0.9829943180084229,-0.0000000468108077,1.6351406574249268,-0.0000000001967922,0.0000000475838711,1.0000000000000000,-0.0000000031406389,0.0000000000000000,0.0000000000000000,0.0000000000000000,1.0000000000000000
M 0.9826981425285339,0.1852131187915802,-0.0000000086037284,-0.0568831525743008,-0.1852131187915802,0.9826981425285339,-0.0000000467364885,1.6483401060104370,-0.0000000002013184,0.0000000475214144,1.0000000000000000,-0.0000000030364089,0.0000000000000000,0.0000000000000000,0.0000000000000000,1.0000000000000000
M 0.9823783040046692,0.1869022250175476,-0.0000000086660190,-0.0562141053378582,-0.1869022250175476,0.9823783040046692,-0.0000000466546375,1.6624131202697754,-0.0000000002065266,0.0000000474522288,1.0000000000000000,-0.0000000029193923,0.0000000000000000,0.0000000000000000,0.0000000000000000,1.0000000000000000
M 0.9820293784141541,0.1887264996767044,-0.0000000087320968,-0.0554424189031124,-0.1887264996767044,0.9820293784141541,-0.0000000465635210,1.6775606870651245,-0.0000000002125769,0.0000000473747548,1.0000000000000000,-0.0000000027866163,0.0000000000000000,0.0000000000000000,0.0000000000000000,1.0000000000000000
M 0.9816459417343140,0.1907112747430801,-0.0000000089076080,-0.0545484684407711,-0.1907112747430801,0.9816459417343140,-0.0000000463502765,1.6939897537231445,-0.0000000000953835,0.0000000471983697,1.0000000000000000,-0.0000000072573223,0.0000000000000000,0.0000000000000000,0.0000000000000000,1.0000000000000000
M 0.9810298681259155,0.1938553154468536,-0.0000000090181089,-0.0530430786311626,-0.1938553154468536,0.9810298681259155,-0.0000000461859173,1.7191636562347412,-0.0000000001063294,0.0000000470580019,1.0000000000000000,-0.0000000070168826,0.0000000000000000,0.0000000000000000,0.0000000000000000,1.0000000000000000
M 0.9801865816116333,0.1980751603841782,-0.0000000091657011,-0.0508926026523113,-0.1980751603841782,0.9801865816116333,-0.0000000459645975,1.7522652149200439,-0.0000000001203235,0.0000000468694132,1.0000000000000000,-0.0000000066995369,0.0000000000000000,0.0000000000000000,0.0000000000000000,1.0000000000000000
M 0.9794317483901978,0.2017743289470673,-0.0000000092944035,-0.0488836281001568,-0.2017743289470673,0.9794317483901978,-0.0000000457699088,1.7810771465301514,-0.0000000001319302,0.0000000467039101,1.0000000000000000,-0.0000000064264327,0.0000000000000000,0.0000000000000000,0.0000000000000000,1.0000000000000000
M 0.9791035056114197,0.2033608108758926,-0.0000000095860404,-0.0479859970510006,-0.2033608108758926,0.9791035056114197,-0.0000000456562006,1.7933923006057739,0.0000000001010638,0.0000000466516106,1.0000000000000000,-0.0000000082333989,0.0000000000000000,0.0000000000000000,0.0000000000000000,1.0000000000000000
M 0.9791035056114197,0.2033608108758926,-0.0000000095860404,-0.0479859970510006,-0.2033608108758926,0.9791035056114197,-0.0000000456562006,1.7933923006057739,0.0000000001010638,0.0000000466516106,1.0000000000000000,-0.0000000082333989,0.0000000000000000,0.0000000000000000,0.0000000000000000,1.0000000000000000
M 0.9791035056114197,0.2033608108758926,-0.0000000095860404,-0.0479859970510006,-0.2033608108758926,0.9791035056114197,-0.0000000456562006,1.7933923006057739,0.0000000001010638,0.0000000466516106,1.0000000000000000,-0.0000000082333989,0.0000000000000000,0.0000000000000000,0.0000000000000000,1.0000000000000000
M 0.9791035056114197,0.2033608108758926,-0.0000000095860404,-0.0479859970510006,-0.2033608108758926,0.9791035056114197,-0.0000000456562006,1.7933923006057739,0.0000000001010638,0.0000000466516106,1.0000000000000000,-0.0000000082333989,0.0000000000000000,0.0000000000000000,0.0000000000000000,1.0000000000000000
M 0.9791035056114197,0.2033608108758926,-0.0000000095860404,-0.0479859970510006,-0.2033608108758926,0.9791035056114197,-0.0000000456562006,1.7933923006057739,0.0000000001010638,0.0000000466516106,1.0000000000000000,-0.0000000082333989,0.0000000000000000,0.0000000000000000,0.0000000000000000,1.0000000000000000
M 0.9791035056114197,0.2033608108758926,-0.0000000095860404,-0.0479859970510006,-0.2033608108758926,0.9791035056114197,-0.0000000456562006,1.7933923006057739,0.0000000001010638,0.0000000466516106,1.0000000000000000,-0.0000000082333989,0.0000000000000000,0.0000000000000000,0.0000000000000000,1.0000000000000000
M 0.9791035056114197,0.2033608108758926,-0.0000000095860404,-0.0479859970510006,-0.2033608108758926,0.9791035056114197,-0.0000000456562006,1.7933923006057739,0.0000000001010638,0.0000000466516106,1.0000000000000000,-0.0000000082333989,0.0000000000000000,0.0000000000000000,0.0000000000000000,1.0000000000000000
M 0.9791035056114197,0.2033608108758926,-0.0000000095860404,-0.0479859970510006,-0.2033608108758926,0.9791035056114197,-0.0000000456562006,1.7933923006057739,0.0000000001010638,0.0000000466516106,1.0000000000000000,-0.0000000082333989,0.0000000000000000,0.0000000000000000,0.0000000000000000,1.0000000000000000
M 0.9791035056114197,0.2033608108758926,-0.0000000095860404,-0.0479859970510006,-0.2033608108758926,0.9791035056114197,-0.0000000456562006,1.7933923006057739,0.0000000001010638,0.0000000466516106,1.0000000000000000,-0.0000000082333989,0.0000000000000000,0.0000000000000000,0.0000000000000000,1.0000000000000000
M 0.9791035056114197,0.2033608108758926,-0.0000000095860404,-0.0479859970510006,-0.2033608108758926,0.9791035056114197,-0.0000000456562006,1.7933923006057739,0.0000000001010638,0.0000000466516106,1.0000000000000000,-0.0000000082333989,0.0000000000000000,0.0000000000000000,0.0000000000000000,1.0000000000000000
M 0.9791035056114197,0.2033608108758926,-0.0000000095860404,-0.0479859970510006,-0.2033608108758926,0.9791035056114197,-0.0000000456562006,1.7933923006057739,0.0000000001010638,0.0000000466516106,1.0000000000000000,-0.0000000082333989,0.0000000000000000,0.0000000000000000,0.0000000000000000,1.0000000000000000
M 0.9791035056114197,0.2033608108758926,-0.0000000095860404,-0.0479859970510006,-0.2033608108758926,0.9791035056114197,-0.0000000456562006,1.7933923006057739,0.0000000001010638,0.0000000466516106,1.0000000000000000,-0.0000000082333989,0.0000000000000000,0.0000000000000000,0.0000000000000000,1.0000000000000000
M 0.9791035056114197,0.2033608108758926,-0.0000000095860404,-0.0479859970510006,-0.2033608108758926,0.9791035056114197,-0.0000000456562006,1.7933923006057739,0.0000000001010638,0.0000000466516106,1.0000000000000000,-0.0000000082333989,0.0000000000000000,0.0000000000000000,0.0000000000000000,1.0000000000000000
M 0.9791035056114197,0.2033608108758926,-0.0000000095860404,-0.0479859970510006,-0.2033608108758926,0.9791035056114197,-0.0000000456562006,1.7933923006057739,0.0000000001010638,0.0000000466516106,1.0000000000000000,-0.0000000082333989,0.0000000000000000,0.0000000000000000,0.0000000000000000,1.0000000000000000
M 0.9791035056114197,0.2033608108758926,-0.0000000095860404,-0.0479859970510006,-0.2033608108758926,0.9791035056114197,-0.0000000456562006,1.7933923006057739,0.0000000001010638,0.0000000466516106,1.0000000000000000,-0.0000000082333989,0.0000000000000000,0.0000000000000000,0.0000000000000000,1.0000000000000000
M 0.9791035056114197,0.2033608108758926,-0.0000000095860404,-0.0479859970510006,-0.2033608108758926,0.9791035056114197,-0.0000000456562006,1.7933923006057739,0.0000000001010638,0.0000000466516106,1.0000000000000000,-0.0000000082333989,0.0000000000000000,0.0000000000000000,0.0000000000000000,1.0000000000000000
M 0.9791035056114197,0.2033608108758926,-0.0000000095860404,-0.0479859970510006,-0.2033608108758926,0.9791035056114197,-0.0000000456562006,1.7933923006057739,0.0000000001010638,0.0000000466516106,1.0000000000000000,-0.0000000082333989,0.0000000000000000,0.0000000000000000,0.0000000000000000,1.0000000000000000
M 0.9791035056114197,0.2033608108758926,-0.0000000095860404,-0.0479859970510006,-0.2033608108758926,0.9791035056114197,-0.0000000456562006,1.7933923006057739,0.0000000001010638,0.0000000466516106,1.0000000000000000,-0.0000000082333989,0.0000000000000000,0.0000000000000000,0.0000000000000000,1.0000000000000000
M 0.9791035056114197,0.2033608108758926,-0.0000000095860404,-0.0479859970510006,-0.2033608108758926,0.9791035056114197,-0.0000000456562006,1.7933923006057739,0.0000000001010638,0.0000000466516106,1.0000000000000000,-0.0000000082333989,0.0000000000000000,0.0000000000000000,0.0000000000000000,1.0000000000000000
M 0.9791035056114197,0.2033608108758926,-0.0000000095860404,-0.0479859970510006,-0.2033608108758926,0.9791035056114197,-0.0000000456562006,1.7933923006057739,0.0000000001010638,0.0000000466516106,1.0000000000000000,-0.0000000082333989,0.0000000000000000,0.0000000000000000,0.0000000000000000,1.0000000000000000
M 0.9791035056114197,0.2033608108758926,-0.0000000095860404,-0.0479859970510006,-0.2033608108758926,0.9791035056114197,-0.0000000456562006,1.7933923006057739,0.0000000001010638,0.0000000466516106,1.0000000000000000,-0.0000000082333989,0.0000000000000000,0.0000000000000000,0.0000000000000000,1.0000000000000000
M 0.9791035056114197,0.2033608108758926,-0.0000000095860404,-0.0479859970510006,-0.2033608108758926,0.9791035056114197,-0.0000000456562006,1.7933923006057739,0.0000000001010638,0.0000000466516106,1.0000000000000000,-0.0000000082333989,0.0000000000000000,0.0000000000000000,0.0000000000000000,1.0000000000000000
M 0.9791035056114197,0.2033608108758926,-0.0000000095860404,-0.0479859970510006,-0.2033608108758926,0.9791035056114197,-0.0000000456562006,1.7933923006057739,0.0000000001010638,0.0000000466516106,1.0000000000000000,-0.0000000082333989,0.0000000000000000,0.0000000000000000,0.0000000000000000,1.0000000000000000
M 0.9791035056114197,0.2033608108758926,-0.0000000095860404,-0.0479859970510006,-0.2033608108758926,0.9791035056114197,-0.0000000456562006,1.7933923006057739,0.0000000001010638,0.0000000466516106,1.0000000000000000,-0.0000000082333989,0.0000000000000000,0.0000000000000000,0.0000000000000000,1.0000000000000000
M 0.9791035056114197,0.2033608108758926,-0.0000000095860404,-0.0479859970510006,-0.2033608108758926,0.9791035056114197,-0.0000000456562006,1.7933923006057739,0.0000000001010638,0.0000000466516106,1.0000000000000000,-0.0000000082333989,0.0000000000000000,0.0000000000000000,0.0000000000000000,1.0000000000000000
M 0.9791035056114197,0.2033608108758926,-0.0000000095860404,-0.0479859970510006,-0.2033608108758926,0.9791035056114197,-0.0000000456562006,1.7933923006057739,0.0000000001010638,0.0000000466516106,1.0000000000000000,-0.0000000082333989,0.0000000000000000,0.0000000000000000,0.0000000000000000,1.0000000000000000
M 0.9791035056114197,0.2033608108758926,-0.0000000095860404,-0.0479859970510006,-0.2033608108758926,0.9791035056114197,-0.0000000456562006,1.7933923006057739,0.0000000001010638,0.0000000466516106,1.0000000000000000,-0.0000000082333989,0.0000000000000000,0.0000000000000000,0.0000000000000000,1.0000000000000000
M 0.9791035056114197,0.2033608108758926,-0.0000000095860404,-0.0479859970510006,-0.2033608108758926,0.9791035056114197,-0.0000000456562006,1.7933923006057739,0.0000000001010638,0.0000000466516106,1.0000000000000000,-0.0000000082333989,0.0000000000000000,0.0000000000000000,0.0000000000000000,1.0000000000000000
M 0.9791035056114197,0.2033608108758926,-0.0000000095860404,-0.0479859970510006,-0.2033608108758926,0.9791035056114197,-0.0000000456562006,1.7933923006057739,0.0000000001010638,0.0000000466516106,1.0000000000000000,-0.0000000082333989,0.0000000000000000,0.0000000000000000,0.0000000000000000,1.0000000000000000
M 0.9791035056114197,0.2033608108758926,-0.0000000095860404,-0.0479859970510006,-0.2033608108758926,0.9791035056114197,-0.0000000456562006,1.7933923006057739,0.0000000001010638,0.0000000466516106,1.0000000000000000,-0.0000000082333989,0.0000000000000000,0.0000000000000000,0.0000000000000000,1.0000000000000000
M 0.9791035056114197,0.2033608108758926,-0.0000000095860404,-0.0479859970510006,-0.2033608108758926,0.9791035056114197,-0.0000000456562006,1.7933923006057739,0.0000000001010638,0.0000000466516106,1.0000000000000000,-0.0000000082333989,0.0000000000000000,0.0000000000000000,0.0000000000000000,1.0000000000000000
M 0.9791035056114197,0.2033608108758926,-0.0000000095860404,-0.0479859970510006,-0.2033608108758926,0.9791035056114197,-0.0000000456562006,1.7933923006057739,0.0000000001010638,0.0000000466516106,1.0000000000000000,-0.0000000082333989,0.0000000000000000,0.0000000000000000,0.0000000000000000,1.0000000000000000
M 0.9791035056114197,0.2033608108758926,-0.0000000095860404,-0.0479859970510006,-0.2033608108758926,0.9791035056114197,-0.0000000456562006,1.7933923006057739,0.0000000001010638,0.0000000466516106,1.0000000000000000,-0.0000000082333989,0.0000000000000000,0.0000000000000000,0.0000000000000000,1.0000000000000000
M 0.9791035056114197,0.2033608108758926,-0.0000000095860404,-0.0479859970510006,-0.2033608108758926,0.9791035056114197,-0.0000000456562006,1.7933923006057739,0.0000000001010638,0.0000000466516106,1.0000000000000000,-0.0000000082333989,0.0000000000000000,0.0000000000000000,0.0000000000000000,1.0000000000000000
M 0.9791035056114197,0.2033608108758926,-0.0000000095860404,-0.0479859970510006,-0.2033608108758926,0.9791035056114197,-0.0000000456562006,1.7933923006057739,0.0000000001010638,0.0000000466516106,1.0000000000000000,-0.0000000082333989,0.0000000000000000,0.0000000000000000,0.0000000000000000,1.0000000000000000
M 0.9791035056114197,0.2033608108758926,-0.0000000095860404,-0.0479859970510006,-0.2033608108758926,0.9791035056114197,-0.0000000456562006,1.7933923006057739,0.0000000001010638,0.0000000466516106,1.0000000000000000,-0.0000000082333989,0.0000000000000000,0.0000000000000000,0.0000000000000000,1.0000000000000000
M 0.9791035056114197,0.2033608108758926,-0.0000000095860404,-0.0479859970510006,-0.2033608108758926,0.9791035056114197,-0.0000000456562006,1.7933923006057739,0.0000000001010638,0.0000000466516106,1.0000000000000000,-0.0000000082333989,0.0000000000000000,0.0000000000000000,0.0000000000000000,1.0000000000000000
M 0.9791035056114197,0.2033608108758926,-0.0000000095860404,-0.0479859970510006,-0.2033608108758926,0.9791035056114197,-0.0000000456562006,1.7933923006057739,0.0000000001010638,0.0000000466516106,1.0000000000000000,-0.0000000082333989,0.0000000000000000,0.0000000000000000,0.0000000000000000,1.0000000000000000
M 0.9791035056114197,0.2033608108758926,-0.0000000095860404,-0.0479859970510006,-0.2033608108758926,0.9791035056114197,-0.0000000456562006,1.7933923006057739,0.0000000001010638,0.0000000466516106,1.0000000000000000,-0.0000000082333989,0.0000000000000000,0.0000000000000000,0.0000000000000000,1.0000000000000000
M 0.9791035056114197,0.2033608108758926,-0.0000000095860404,-0.0479859970510006,-0.2033608108758926,0.9791035056114197,-0.0000000456562006,1.7933923006057739,0.0000000001010638,0.0000000466516106,1.0000000000000000,-0.0000000082333989,0.0000000000000000,0.0000000000000000,0.0000000000000000,1.0000000000000000
M 0.9791035056114197,0.2033608108758926,-0.0000000095860404,-0.0479859970510006,-0.2033608108758926,0.9791035056114197,-0.0000000456562006,1.7933923006057739,0.0000000001010638,0.0000000466516106,1.0000000000000000,-0.0000000082333989,0.0000000000000000,0.0000000000000000,0.0000000000000000,1.0000000000000000
M 0.9791035056114197,0.2033608108758926,-0.0000000095860404,-0.0479859970510006,-0.2033608108758926,0.9791035056114197,-0.0000000456562006,1.7933923006057739,0.0000000001010638,0.0000000466516106,1.0000000000000000,-0.0000000082333989,0.0000000000000000,0.0000000000000000,0.0000000000000000,1.0000000000000000
M 0.9791035056114197,0.2033608108758926,-0.0000000095860404,-0.0479859970510006,-0.2033608108758926,0.9791035056114197,-0.0000000456562006,1.7933923006057739,0.0000000001010638,0.0000000466516106,1.0000000000000000,-0.0000000082333989,0.0000000000000000,0.0000000000000000,0.0000000000000000,1.0000000000000000
M 0.9791035056114197,0.2033608108758926,-0.0000000095860404,-0.0479859970510006,-0.2033608108758926,0.9791035056114197,-0.0000000456562006,1.7933923006057739,0.0000000001010638,0.0000000466516106,1.0000000000000000,-0.0000000082333989,0.0000000000000000,0.0000000000000000,0.0000000000000000,1.0000000000000000
M 0.9791035056114197,0.2033608108758926,-0.0000000095860404,-0.0479859970510006,-0.2033608108758926,0.9791035056114197,-0.0000000456562006,1.7933923006057739,0.0000000001010638,0.0000000466516106,1.0000000000000000,-0.0000000082333989,0.0000000000000000,0.0000000000000000,0.0000000000000000,1.0000000000000000
M 0.9791035056114197,0.2033608108758926,-0.0000000095860404,-0.0479859970510006,-0.2033608108758926,0.9791035056114197,-0.0000000456562006,1.7933923006057739,0.0000000001010638,0.0000000466516106,1.0000000000000000,-0.0000000082333989,0.0000000000000000,0.0000000000000000,0.0000000000000000,1.0000000000000000
M 0.9791035056114197,0.2033608108758926,-0.0000000095860404,-0.0479859970510006,-0.2033608108758926,0.9791035056114197,-0.0000000456562006,1.7933923006057739,0.0000000001010638,0.0000000466516106,1.0000000000000000,-0.0000000082333989,0.0000000000000000,0.0000000000000000,0.0000000000000000,1.0000000000000000
M 0.9791035056114197,0.2033608108758926,-0.0000000095860404,-0.0479859970510006,-0.2033608108758926,0.9791035056114197,-0.0000000456562006,1.7933923006057739,0.0000000001010638,0.0000000466516106,1.0000000000000000,-0.0000000082333989,0.0000000000000000,0.0000000000000000,0.0000000000000000,1.0000000000000000
M 0.9791035056114197,0.2033608108758926,-0.0000000095860404,-0.0479859970510006,-0.2033608108758926,0.9791035056114197,-0.0000000456562006,1.7933923006057739,0.0000000001010638,0.0000000466516106,1.0000000000000000,-0.0000000082333989,0.0000000000000000,0.0000000000000000,0.0000000000000000,1.0000000000000000
M 0.9791035056114197,0.2033608108758926,-0.0000000095860404,-0.0479859970510006,-0.2033608108758926,0.9791035056114197,-0.0000000456562006,1.7933923006057739,0.0000000001010638,0.0000000466516106,1.0000000000000000,-0.0000000082333989,0.0000000000000000,0.0000000000000000,0.0000000000000000,1.0000000000000000
M 0.9791035056114197,0.2033608108758926,-0.0000000095860404,-0.0479859970510006,-0.2033608108758926,0.9791035056114197,-0.0000000456562006,1.7933923006057739,0.0000000001010638,0.0000000466516106,1.0000000000000000,-0.0000000082333989,0.0000000000000000,0.0000000000000000,0.0000000000000000,1.0000000000000000
M 0.9791035056114197,0.2033608108758926,-0.0000000095860404,-0.0479859970510006,-0.2033608108758926,0.9791035056114197,-0.0000000456562006,1.7933923006057739,0.0000000001010638,0.0000000466516106,1.0000000000000000,-0.0000000082333989,0.0000000000000000,0.0000000000000000,0.0000000000000000,1.0000000000000000
M 0.9791035056114197,0.2033608108758926,-0.0000000095860404,-0.0479859970510006,-0.2033608108758926,0.9791035056114197,-0.0000000456562006,1.7933923006057739,0.0000000001010638,0.0000000466516106,1.0000000000000000,-0.0000000082333989,0.0000000000000000,0.0000000000000000,0.0000000000000000,1.0000000000000000
M 0.9791035056114197,0.2033608108758926,-0.0000000095860404,-0.0479859970510006,-0.2033608108758926,0.9791035056114197,-0.0000000456562006,1.7933923006057739,0.0000000001010638,0.0000000466516106,1.0000000000000000,-0.0000000082333989,0.0000000000000000,0.0000000000000000,0.0000000000000000,1.0000000000000000
M 0.9791035056114197,0.2033608108758926,-0.0000000095860404,-0.0479859970510006,-0.2033608108758926,0.9791035056114197,-0.0000000456562006,1.7933923006057739,0.0000000001010638,0.0000000466516106,1.0000000000000000,-0.0000000082333989,0.0000000000000000,0.0000000000000000,0.0000000000000000,1.0000000000000000
M 0.9791035056114197,0.2033608108758926,-0.0000000095860404,-0.0479859970510006,-0.2033608108758926,0.9791035056114197,-0.0000000456562006,1.7933923006057739,0.0000000001010638,0.0000000466516106,1.0000000000000000,-0.0000000082333989,0.0000000000000000,0.0000000000000000,0.0000000000000000,1.0000000000000000
M 0.9791035056114197,0.2033608108758926,-0.0000000095860404,-0.0479859970510006,-0.2033608108758926,0.9791035056114197,-0.0000000456562006,1.7933923006057739,0.0000000001010638,0.0000000466516106,1.0000000000000000,-0.0000000082333989,0.0000000000000000,0.0000000000000000,0.0000000000000000,1.0000000000000000
M 0.9791035056114197,0.2033608108758926,-0.0000000095860404,-0.0479859970510006,-0.2033608108758926,0.9791035056114197,-0.0000000456562006,1.7933923006057739,0.0000000001010638,0.0000000466516106,1.0000000000000000,-0.0000000082333989,0.0000000000000000,0.0000000000000000,0.0000000000000000,1.0000000000000000
M 0.9791035056114197,0.2033608108758926,-0.0000000095860404,-0.0479859970510006,-0.2033608108758926,0.9791035056114197,-0.0000000456562006,1.7933923006057739,0.0000000001010638,0.0000000466516106,1.0000000000000000,-0.0000000082333989,0.0000000000000000,0.0000000000000000,0.0000000000000000,1.0000000000000000
M 0.9791035056114197,0.2033608108758926,-0.0000000095860404,-0.0479859970510006,-0.2033608108758926,0.9791035056114197,-0.0000000456562006,1.7933923006057739,0.0000000001010638,0.0000000466516106,1.0000000000000000,-0.0000000082333989,0.0000000000000000,0.0000000000000000,0.0000000000000000,1.0000000000000000
M 0.9791035056114197,0.2033608108758926,-0.0000000095860404,-0.0479859970510006,-0.2033608108758926,0.9791035056114197,-0.0000000456562006,1.7933923006057739,0.0000000001010638,0.0000000466516106,1.0000000000000000,-0.0000000082333989,0.0000000000000000,0.0000000000000000,0.0000000000000000,1.0000000000000000
M 0.9791035056114197,0.2033608108758926,-0.0000000095860404,-0.0479859970510006,-0.2033608108758926,0.9791035056114197,-0.0000000456562006,1.7933923006057739,0.0000000001010638,0.0000000466516106,1.0000000000000000,-0.0000000082333989,0.0000000000000000,0.0000000000000000,0.0000000000000000,1.0000000000000000
M 0.9791035056114197,0.2033608108758926,-0.0000000095860404,-0.0479859970510006,-0.2033608108758926,0.9791035056114197,-0.0000000456562006,1.7933923006057739,0.0000000001010638,0.0000000466516106,1.0000000000000000,-0.0000000082333989,0.0000000000000000,0.0000000000000000,0.0000000000000000,1.0000000000000000
M 0.9791035056114197,0.2033608108758926,-0.0000000095860404,-0.0479859970510006,-0.2033608108758926,0.9791035056114197,-0.0000000456562006,1.7933923006057739,0.0000000001010638,0.0000000466516106,1.0000000000000000,-0.0000000082333989,0.0000000000000000,0.0000000000000000,0.0000000000000000,1.0000000000000000
M 0.9791035056114197,0.2033608108758926,-0.0000000095860404,-0.0479859970510006,-0.2033608108758926,0.9791035056114197,-0.0000000456562006,1.7933923006057739,0.0000000001010638,0.0000000466516106,1.0000000000000000,-0.0000000082333989,0.0000000000000000,0.0000000000000000,0.0000000000000000,1.0000000000000000
M 0.9791035056114197,0.2033608108758926,-0.0000000095860404,-0.0479859970510006,-0.2033608108758926,0.9791035056114197,-0.0000000456562006,1.7933923006057739,0.0000000001010638,0.0000000466516106,1.0000000000000000,-0.0000000082333989,0.0000000000000000,0.0000000000000000,0.0000000000000000,1.0000000000000000
M 0.9791035056114197,0.2033608108758926,-0.0000000095860404,-0.0479859970510006,-0.2033608108758926,0.9791035056114197,-0.0000000456562006,1.7933923006057739,0.0000000001010638,0.0000000466516106,1.0000000000000000,-0.0000000082333989,0.0000000000000000,0.0000000000000000,0.0000000000000000,1.0000000000000000
M 0.9791035056114197,0.2033608108758926,-0.0000000095860404,-0.0479859970510006,-0.2033608108758926,0.9791035056114197,-0.0000000456562006,1.7933923006057739,0.0000000001010638,0.0000000466516106,1.0000000000000000,-0.0000000082333989,0.0000000000000000,0.0000000000000000,0.0000000000000000,1.0000000000000000
M 0.9791035056114197,0.2033608108758926,-0.0000000095860404,-0.0479859970510006,-0.2033608108758926,0.9791035056114197,-0.0000000456562006,1.7933923006057739,0.0000000001010638,0.0000000466516106,1.0000000000000000,-0.0000000082333989,0.0000000000000000,0.0000000000000000,0.0000000000000000,1.0000000000000000
M 0.9791035056114197,0.2033608108758926,-0.0000000095860404,-0.0479859970510006,-0.2033608108758926,0.9791035056114197,-0.0000000456562006,1.7933923006057739,0.0000000001010638,0.0000000466516106,1.0000000000000000,-0.0000000082333989,0.0000000000000000,0.0000000000000000,0.0000000000000000,1.0000000000000000
M 0.9791035056114197,0.2033608108758926,-0.0000000095860404,-0.0479859970510006,-0.2033608108758926,0.9791035056114197,-0.0000000456562006,1.7933923006057739,0.0000000001010638,0.0000000466516106,1.0000000000000000,-0.0000000082333989,0.0000000000000000,0.0000000000000000,0.0000000000000000,1.0000000000000000
M 0.9791035056114197,0.2033608108758926,-0.0000000095860404,-0.0479859970510006,-0.2033608108758926,0.9791035056114197,-0.0000000456562006,1.7933923006057739,0.0000000001010638,0.0000000466516106,1.0000000000000000,-0.0000000082333989,0.0000000000000000,0.0000000000000000,0.0000000000000000,1.0000000000000000
M 0.9791035056114197,0.2033608108758926,-0.0000000095860404,-0.0479859970510006,-0.2033608108758926,0.9791035056114197,-0.0000000456562006,1.7933923006057739,0.0000000001010638,0.0000000466516106,1.0000000000000000,-0.0000000082333989,0.0000000000000000,0.0000000000000000,0.0000000000000000,1.0000000000000000
M 0.9791035056114197,0.2033608108758926,-0.0000000095860404,-0.0479859970510006,-0.2033608108758926,0.9791035056114197,-0.0000000456562006,1.7933923006057739,0.0000000001010638,0.0000000466516106,1.0000000000000000,-0.0000000082333989,0.0000000000000000,0.0000000000000000,0.0000000000000000,1.0000000000000000
M 0.9791035056114197,0.2033608108758926,-0.0000000095860404,-0.0479859970510006,-0.2033608108758926,0.9791035056114197,-0.0000000456562006,1.7933923006057739,0.0000000001010638,0.0000000466516106,1.0000000000000000,-0.0000000082333989,0.0000000000000000,0.0000000000000000,0.0000000000000000,1.0000000000000000
